1 10177
1 10352
1 10616
1 10617
1 11008
1 11012
1 13110
1 13116
1 13118
1 13273
1 14464
1 14599
1 14604
1 14930
1 14933
1 15211
1 15274
1 15774
1 15777
1 15820
1 15903
1 16949
1 18849
1 30923
1 47159
1 49298
1 49554
1 51479
1 51762
1 51765
1 52238
1 54490
1 54712
1 54716
1 55164
1 55326
1 55545
1 57292
1 58814
1 59040
1 60351
1 61920
1 62777
1 63093
1 63268
1 63671
1 63735
1 63736
1 64649
1 64931
1 65974
1 66219
1 66381
1 66435
1 66436
1 67181
1 67631
1 68082
1 69428
1 69761
1 69897
1 70317
1 70352
1 72526
1 73490
1 74790
1 74792
1 76838
1 76854
1 77763
1 77866
1 77874
1 78942
1 79137
1 81260
1 81587
1 82133
1 82134
1 82163
1 82609
1 83084
1 83514
1 83771
1 84139
1 84618
1 85892
1 86028
1 86065
1 86192
1 86331
1 87360
1 87409
1 87647
1 88169
1 88172
1 88177
1 88316
1 88338
1 88710
1 88794
1 89599
1 89946
1 90051
1 91190
1 91421
1 91515
1 91536
1 91551
1 91581
1 92633
1 92858
1 95440
1 98325
1 99687
1 100858
1 104186
1 104281
1 108030
1 108230
1 115746
1 118630
1 122872
1 125271
1 129010
1 129011
1 134133
1 135163
1 135203
1 135982
1 138593
1 158006
1 173052
1 232449
1 233473
1 237505
1 241369
1 249275
1 251627
1 251628
1 251663
1 254186
1 255633
1 255923
1 256023
1 256498
1 256586
1 258137
1 267227
1 267228
1 362904
1 362905
1 362907
1 363244
1 521578
1 526736
1 526832
1 526840
1 527207
1 529782
1 532009
1 532051
1 532124
1 532325
1 532326
1 532929
1 533113
1 533162
1 533170
1 533179
1 533197
1 533198
1 533206
1 534115
1 534321
1 535696
1 535959
1 536095
1 536366
1 536816
1 536895
1 541079
1 546647
1 546648
1 546802
1 546805
1 559135
1 559480
1 559985
1 563116
1 564158
1 564598
1 564654
1 564672
1 564714
1 564862
1 565006
1 565136
1 565265
1 565286
1 565406
1 565433
1 565464
1 565490
1 565508
1 565541
1 565586
1 565591
1 565596
1 565697
1 565728
1 565742
1 565935
1 565937
1 566021
1 566024
1 566130
1 566323
1 566371
1 566573
1 566792
1 566870
1 566875
1 566933
1 566960
1 567092
1 567119
1 567376
1 567540
1 567606
1 567696
1 567697
1 567726
1 567767
1 567807
1 567825
1 567867
1 567940
1 568024
1 568214
1 568256
1 568308
1 568322
1 568412
1 568418
1 568419
1 568442
1 568451
1 568631
1 568644
1 568670
1 568709
1 568797
1 568800
1 568823
1 568824
1 569094
1 569133
1 569167
1 569204
1 569226
1 569250
1 569267
1 569591
1 569763
1 569933
1 570076
1 570079
1 570094
1 570097
1 570178
1 570638
1 573770
1 573820
1 574150
1 574151
1 574350
1 583483
1 598833
1 600318
1 600495
1 600523
1 601583
1 603515
1 603516
1 604070
1 604229
1 604299
1 604352
1 612688
1 612689
1 618386
1 625199
1 625371
1 625392
1 625414
1 636285
1 636975
1 645605
1 649192
1 652827
1 662414
1 662622
1 665401
1 666249
1 668374
1 668630
1 668922
1 668981
1 669054
1 669055
1 669590
1 669746
1 670710
1 670712
1 671810
1 672156
1 672330
1 672594
1 672940
1 673231
1 674211
1 676118
1 691544
1 691545
1 691567
1 691568
1 692794
1 692795
1 693625
1 693731
1 693823
1 700028
1 701299
1 701747
1 701779
1 701780
1 701835
1 702958
1 703942
1 704637
1 705452
1 705881
1 705882
1 706330
1 706368
1 706425
1 706645
1 706778
1 707522
1 707886
1 708605
1 710088
1 710195
1 711310
1 712547
1 712762
1 713044
1 713092
1 713131
1 713563
1 713698
1 713977
1 714019
1 714427
1 714439
1 715074
1 715205
1 715265
1 715348
1 715367
1 715925
1 716629
1 716978
1 717474
1 717627
1 718386
1 718505
1 719489
1 719914
1 720240
1 720381
1 720583
1 720797
1 721104
1 721105
1 721119
1 721290
1 721705
1 721757
1 722364
1 722365
1 722559
1 722603
1 722670
1 722980
1 723307
1 723738
1 723739
1 723742
1 723753
1 723754
1 723798
1 723799
1 723819
1 723891
1 723918
1 724103
1 724215
1 724300
1 724324
1 724517
1 724815
1 724869
1 724882
1 724883
1 725181
1 725196
1 725267
1 725275
1 725389
1 725401
1 725526
1 725555
1 726060
1 726794
1 726939
1 726944
1 727286
1 727287
1 727841
1 728094
1 728159
1 728242
1 728681
1 728951
1 729679
1 729940
1 730087
1 730232
1 730249
1 730672
1 731048
1 731599
1 731716
1 731717
1 731718
1 731824
1 731849
1 731958
1 732030
1 732032
1 732049
1 732120
1 732134
1 732164
1 732215
1 732746
1 732801
1 732809
1 733013
1 733429
1 733581
1 733582
1 733652
1 733895
1 734162
1 734332
1 734338
1 734340
1 734349
1 734383
1 734491
1 735068
1 735138
1 735267
1 735347
1 735557
1 735558
1 735682
1 735830
1 735985
1 736186
1 736249
1 736289
1 736309
1 736376
1 736522
1 736523
1 736626
1 736745
1 736848
1 736849
1 737083
1 737125
1 737130
1 737263
1 737406
1 737407
1 738475
1 738539
1 738756
1 739117
1 739210
1 739426
1 739508
1 739528
1 739565
1 739608
1 739990
1 740243
1 740285
1 740416
1 740578
1 740857
1 740966
1 741267
1 741397
1 741558
1 741744
1 741833
1 741841
1 741850
1 742594
1 742813
1 742990
1 743021
1 743072
1 743420
1 743637
1 744076
1 744657
1 745021
1 745131
1 745642
1 745643
1 746037
1 746038
1 746189
1 746211
1 746632
1 746633
1 746727
1 746897
1 747040
1 747113
1 747753
1 747754
1 747764
1 748061
1 748141
1 748279
1 748445
1 748446
1 748487
1 748878
1 749517
1 749544
1 749564
1 749644
1 749689
1 749707
1 749758
1 749760
1 749963
1 750053
1 750055
1 750115
1 750190
1 751343
1 751485
1 751488
1 751499
1 751756
1 752242
1 752307
1 752308
1 752478
1 752509
1 752510
1 752566
1 752593
1 752617
1 752721
1 752894
1 753405
1 753425
1 753474
1 753541
1 754063
1 754105
1 754121
1 754163
1 754182
1 754192
1 754211
1 754334
1 754429
1 754503
1 754629
1 754671
1 754964
1 755274
1 755299
1 755868
1 755887
1 755890
1 755936
1 755940
1 756257
1 756264
1 756267
1 756268
1 756304
1 756378
1 756380
1 756434
1 756604
1 756781
1 756786
1 756838
1 757103
1 757120
1 757640
1 757691
1 757734
1 757843
1 757878
1 757936
1 758048
1 758141
1 758144
1 758274
1 758324
1 758449
1 758504
1 758505
1 758626
1 758664
1 758770
1 759036
1 759177
1 759293
1 759618
1 759837
1 759970
1 760422
1 760811
1 760812
1 760912
1 760998
1 761057
1 761058
1 761147
1 761732
1 761752
1 761764
1 761800
1 761881
1 761957
1 761958
1 762022
1 762273
1 762320
1 762485
1 762589
1 762592
1 762601
1 762632
1 762856
1 762932
1 763394
1 764074
1 764191
1 764261
1 764262
1 765028
1 765084
1 765085
1 765709
1 765747
1 766007
1 766105
1 766292
1 766600
1 767096
1 767677
1 767703
1 767780
1 767813
1 768116
1 768253
1 768448
1 768819
1 769138
1 769139
1 769223
1 769374
1 769829
1 769963
1 770075
1 770085
1 770128
1 770377
1 770568
1 770735
1 770886
1 770920
1 771410
1 771521
1 771594
1 771823
1 771967
1 772028
1 772430
1 772437
1 772755
1 772955
1 773090
1 773106
1 773124
1 773136
1 773169
1 773476
1 773503
1 773538
1 773634
1 773837
1 773998
1 774014
1 774018
1 774022
1 774036
1 774047
1 774125
1 774179
1 774180
1 774363
1 774546
1 774547
1 774736
1 774785
1 774874
1 774923
1 775125
1 775135
1 775145
1 775181
1 775278
1 775426
1 775566
1 775607
1 775637
1 775659
1 775789
1 775790
1 775895
1 776064
1 776112
1 776465
1 776499
1 776546
1 776814
1 777082
1 777122
1 777232
1 777237
1 777318
1 777361
1 777456
1 777513
1 777636
1 778302
1 778569
1 778745
1 779286
1 779310
1 779311
1 779322
1 779797
1 780027
1 780162
1 780191
1 780229
1 780256
1 780347
1 780348
1 780397
1 780559
1 780782
1 780785
1 781057
1 781058
1 781381
1 781540
1 781577
1 781642
1 781643
1 781700
1 781761
1 781845
1 782225
1 782396
1 782470
1 782528
1 782677
1 782683
1 782981
1 783071
1 783304
1 783318
1 783757
1 783762
1 784367
1 784371
1 784731
1 784751
1 785050
1 785140
1 785340
1 785503
1 785989
1 786023
1 786030
1 786512
1 786790
1 786792
1 786796
1 786810
1 786934
1 786987
1 786995
1 787069
1 787070
1 787083
1 787135
1 787185
1 787205
1 787262
1 787399
1 787606
1 787685
1 787844
1 788004
1 788037
1 788595
1 788713
1 789144
1 789256
1 789513
1 789514
1 789883
1 790049
1 790188
1 790381
1 790465
1 790667
1 790696
1 790753
1 790754
1 790860
1 790984
1 791036
1 791191
1 791315
1 791328
1 791420
1 791623
1 791715
1 791853
1 791987
1 792263
1 792480
1 792801
1 793145
1 793429
1 793448
1 793630
1 793727
1 793922
1 794103
1 794151
1 794172
1 794331
1 794332
1 794374
1 794616
1 794623
1 794705
1 794778
1 794874
1 795222
1 795383
1 795384
1 795414
1 795420
1 795753
1 795824
1 795988
1 796100
1 796375
1 796767
1 797126
1 797127
1 797281
1 797325
1 797440
1 797474
1 797820
1 798026
1 798185
1 798400
1 798430
1 798801
1 798959
1 799079
1 799463
1 799499
1 799770
1 799879
1 800007
1 800193
1 800383
1 800450
1 800830
1 800970
1 801467
1 801540
1 801541
1 801661
1 801680
1 801858
1 801943
1 801995
1 802006
1 802026
1 802082
1 802347
1 802349
1 802398
1 802496
1 802856
1 803432
1 804013
1 804015
1 804107
1 804109
1 804115
1 804119
1 804135
1 804152
1 804168
1 804180
1 804188
1 804269
1 804306
1 804540
1 804593
1 804594
1 804759
1 804978
1 804979
1 805109
1 805498
1 805556
1 805967
1 806111
1 806523
1 807039
1 807302
1 807512
1 807761
1 808025
1 808223
1 808235
1 808259
1 808289
1 808522
1 808527
1 808530
1 808532
1 808631
1 808922
1 808928
1 809700
1 809876
1 810029
1 810280
1 810286
1 810648
1 810672
1 810739
1 810780
1 810799
1 810897
1 810898
1 811136
1 811236
1 812222
1 812267
1 812283
1 812284
1 812670
1 812743
1 812751
1 812976
1 813034
1 813168
1 813212
1 813334
1 813340
1 813640
1 813747
1 813963
1 814028
1 814045
1 814215
1 814297
1 814300
1 814371
1 814372
1 814926
1 814928
1 815138
1 815139
1 815233
1 815234
1 815421
1 815422
1 815662
1 815681
1 816216
1 816257
1 817234
1 817595
1 817967
1 818187
1 819106
1 819121
1 819398
1 819869
1 819917
1 819959
1 821325
1 821326
1 821604
1 821710
1 821862
1 821863
1 821887
1 821926
1 821948
1 822272
1 822381
1 823090
1 823505
1 823543
1 823790
1 823822
1 823823
1 823948
1 824398
1 824534
1 825069
1 825125
1 825410
1 825554
1 825564
1 825762
1 825826
1 826135
1 826510
1 827253
1 827257
1 827261
1 827267
1 827277
1 827323
1 827331
1 827712
1 828113
1 828166
1 828175
1 828468
1 828669
1 828740
1 828883
1 829106
1 829171
1 829172
1 829221
1 829333
1 829471
1 829637
1 829667
1 830181
1 830359
1 830403
1 830455
1 830778
1 830782
1 830783
1 830785
1 830807
1 831027
1 831320
1 831489
1 831909
1 832060
1 832066
1 832112
1 832178
1 832297
1 832298
1 832318
1 832359
1 832360
1 832398
1 832756
1 832809
1 832918
1 832960
1 832961
1 833172
1 833223
1 833302
1 833421
1 833616
1 833641
1 833659
1 833663
1 833824
1 833927
1 834056
1 834137
1 834198
1 834263
1 834492
1 834614
1 834637
1 834638
1 834753
1 834832
1 834928
1 834956
1 834991
1 834999
1 835242
1 835491
1 835499
1 835742
1 835806
1 835807
1 835840
1 836529
1 836896
1 836924
1 837014
1 837192
1 837303
1 837417
1 837428
1 837553
1 837554
1 837657
1 838260
1 838329
1 838387
1 838555
1 838665
1 838732
1 838830
1 838890
1 838916
1 838931
1 839103
1 839461
1 839495
1 839528
1 839529
1 839900
1 840039
1 840043
1 840327
1 840353
1 840753
1 841056
1 841085
1 841591
1 842013
1 842057
1 842250
1 842362
1 842387
1 842388
1 842537
1 842616
1 842617
1 842652
1 842825
1 843366
1 843405
1 843908
1 843912
1 843940
1 844300
1 844324
1 844343
1 844476
1 844674
1 844725
1 844813
1 844889
1 845126
1 845273
1 845274
1 845283
1 845311
1 845509
1 845593
1 845635
1 845938
1 846078
1 846321
1 846338
1 846398
1 846465
1 846489
1 846543
1 846586
1 846600
1 846601
1 846808
1 846854
1 846864
1 847041
1 847141
1 847228
1 847250
1 847297
1 847491
1 847658
1 848023
1 848090
1 848094
1 848297
1 848358
1 848445
1 848456
1 848654
1 848655
1 848738
1 848828
1 848829
1 848849
1 849440
1 849441
1 849524
1 849553
1 849813
1 849863
1 849907
1 849998
1 850062
1 850115
1 850123
1 850218
1 850324
1 850328
1 850329
1 850371
1 850528
1 850780
1 851030
1 851190
1 851204
1 851390
1 851499
1 851754
1 851756
1 851757
1 851761
1 851766
1 852037
1 852063
1 852133
1 852443
1 852502
1 852517
1 852650
1 852664
1 852758
1 852875
1 852964
1 853130
1 853239
1 853267
1 853488
1 853805
1 853954
1 854168
1 854250
1 854429
1 854508
1 854777
1 854978
1 855075
1 855163
1 855168
1 855252
1 855359
1 855635
1 855636
1 855774
1 855878
1 855949
1 856041
1 856042
1 856099
1 856108
1 856329
1 856352
1 856436
1 856437
1 856476
1 856513
1 856514
1 856583
1 856999
1 857176
1 857177
1 857318
1 857443
1 857653
1 857728
1 857828
1 858040
1 858051
1 858149
1 858691
1 858692
1 858801
1 859206
1 859335
1 859370
1 859404
1 859685
1 859690
1 859701
1 859913
1 860416
1 860461
1 860504
1 860521
1 860688
1 860788
1 860789
1 860795
1 860796
1 860854
1 860857
1 860956
1 860957
1 861008
1 861630
1 861808
1 862093
1 862124
1 862186
1 862383
1 862389
1 862668
1 862683
1 862822
1 862866
1 863124
1 863138
1 863499
1 863501
1 863508
1 863511
1 863521
1 863548
1 863556
1 863562
1 863569
1 863574
1 863581
1 863582
1 863588
1 863589
1 863590
1 863596
1 863603
1 863632
1 863641
1 863644
1 863689
1 863696
1 863776
1 863843
1 863863
1 863978
1 864002
1 864241
1 864490
1 864615
1 864726
1 864755
1 864757
1 864938
1 865219
1 865261
1 865367
1 865435
1 865584
1 865694
1 866319
1 866511
1 866893
1 866906
1 866920
1 866938
1 867165
1 867370
1 867418
1 867442
1 867584
1 867635
1 868096
1 868112
1 868113
1 868329
1 868356
1 868404
1 868418
1 868781
1 868791
1 868840
1 868861
1 868891
1 868928
1 868981
1 869033
1 869071
1 869121
1 869244
1 869249
1 869303
1 869323
1 869369
1 869373
1 869957
1 870321
1 870339
1 870645
1 870651
1 870754
1 870766
1 870806
1 870811
1 870903
1 871215
1 871334
1 871513
1 871683
1 871691
1 871731
1 871804
1 871808
1 871809
1 871824
1 871893
1 872087
1 872091
1 872352
1 872616
1 872776
1 872777
1 872952
1 873394
1 873462
1 873558
1 873859
1 874034
1 874073
1 874665
1 874927
1 874950
1 875159
1 875160
1 875636
1 875643
1 875676
1 875677
1 875770
1 875985
1 876067
1 876200
1 876393
1 876484
1 876499
1 876949
1 877147
1 877363
1 877715
1 877782
1 877831
1 878314
1 878325
1 878516
1 878517
1 878906
1 878907
1 879276
1 879317
1 879481
1 879576
1 879676
1 879687
1 879789
1 879790
1 880238
1 880390
1 880639
1 880640
1 880751
1 881070
1 881377
1 881627
1 881734
1 881918
1 882033
1 882250
1 882780
1 882803
1 883008
1 883041
1 883091
1 883463
1 883625
1 883699
1 884402
1 884426
1 884549
1 884550
1 884635
1 884767
1 884815
1 885043
1 885657
1 885676
1 885689
1 885698
1 885699
1 885756
1 885882
1 885883
1 885904
1 885922
1 885945
1 886006
1 886179
1 886180
1 886182
1 886183
1 886186
1 886206
1 886384
1 886409
1 886477
1 886492
1 886788
1 886817
1 886831
1 887059
1 887094
1 887162
1 887537
1 887560
1 887801
1 888220
1 888239
1 888639
1 888659
1 889131
1 889158
1 889159
1 889238
1 889286
1 889638
1 889713
1 890104
1 890219
1 890272
1 890295
1 891021
1 891059
1 891898
1 891945
1 892012
1 892095
1 892460
1 892471
1 892745
1 893280
1 893461
1 893462
1 893615
1 893631
1 893719
1 893882
1 894573
1 894719
1 894890
1 895037
1 895268
1 895706
1 895755
1 895820
1 895889
1 896064
1 896271
1 896333
1 896476
1 896950
1 897325
1 897564
1 897730
1 897738
1 897879
1 898323
1 898467
1 898852
1 899000
1 899928
1 899937
1 899938
1 899942
1 899943
1 899949
1 899969
1 899970
1 899974
1 899975
1 899989
1 900001
1 900009
1 900010
1 900019
1 900169
1 900171
1 900188
1 900191
1 900199
1 900200
1 900205
1 900208
1 900285
1 900286
1 900298
1 900319
1 900397
1 900427
1 900505
1 900717
1 900718
1 900730
1 900972
1 901023
1 901046
1 901047
1 901113
1 901337
1 901559
1 901607
1 901652
1 901806
1 901922
1 901923
1 902069
1 902128
1 902288
1 902749
1 902755
1 902756
1 902764
1 902997
1 903104
1 903113
1 903245
1 903321
1 903426
1 904165
1 904355
1 904628
1 904752
1 904757
1 904868
1 904869
1 904942
1 905017
1 905020
1 905028
1 905029
1 905043
1 905044
1 905130
1 905131
1 905158
1 905159
1 905160
1 905165
1 906272
1 906974
1 907010
1 907023
1 907170
1 907171
1 907217
1 907609
1 907622
1 907799
1 907816
1 907920
1 907991
1 907992
1 907993
1 907994
1 907998
1 908025
1 908077
1 908170
1 908275
1 908323
1 908414
1 908749
1 908823
1 909073
1 909221
1 909222
1 909238
1 909242
1 909309
1 909326
1 909363
1 909419
1 909555
1 909768
1 910394
1 910409
1 910438
1 910473
1 910512
1 910527
1 910528
1 910903
1 910935
1 911101
1 911181
1 911418
1 911595
1 911916
1 912049
1 913189
1 913412
1 913419
1 913422
1 913425
1 913426
1 913586
1 913610
1 913698
1 913889
1 914192
1 914325
1 914333
1 914610
1 914805
1 914839
1 914852
1 914876
1 914940
1 915227
1 915264
1 915399
1 916159
1 916549
1 916590
1 916662
1 916834
1 916838
1 916976
1 917060
1 917315
1 917492
1 917640
1 917688
1 918238
1 918270
1 918384
1 918573
1 918617
1 918749
1 918818
1 919127
1 919136
1 919419
1 919489
1 919501
1 919525
1 919526
1 919635
1 919855
1 919998
1 920051
1 920503
1 920640
1 920648
1 920649
1 920692
1 920733
1 920890
1 920977
1 921071
1 921387
1 921543
1 921570
1 921660
1 921716
1 922009
1 922104
1 922305
1 922483
1 923076
1 923411
1 923448
1 923459
1 923749
1 923973
1 923977
1 923978
1 924111
1 924368
1 924448
1 924449
1 924528
1 924563
1 924564
1 924603
1 924629
1 924898
1 925551
1 925552
1 925614
1 925620
1 925684
1 926351
1 926431
1 926621
1 926968
1 927309
1 927741
1 927824
1 928011
1 928288
1 928297
1 928312
1 928373
1 928416
1 928462
1 928520
1 928578
1 928598
1 928744
1 928836
1 928849
1 928850
1 928969
1 928982
1 929190
1 929316
1 929321
1 929327
1 929565
1 929701
1 930329
1 930377
1 930533
1 930567
1 930751
1 930888
1 930889
1 930892
1 930923
1 931014
1 931166
1 931229
1 931339
1 931362
1 931455
1 931500
1 931508
1 931513
1 931548
1 931634
1 931730
1 931873
1 931939
1 932054
1 932176
1 932310
1 932457
1 932618
1 933027
1 933045
1 933447
1 933589
1 933788
1 933790
1 934099
1 934106
1 934121
1 934130
1 934144
1 934345
1 935046
1 935222
1 935398
1 935459
1 935492
1 935659
1 935671
1 935715
1 935833
1 935932
1 936111
1 936194
1 936210
1 936487
1 936687
1 936713
1 937250
1 937432
1 937572
1 937575
1 937673
1 937688
1 937778
1 937796
1 938116
1 938125
1 938213
1 938220
1 938300
1 938709
1 938710
1 939215
1 939491
1 939492
1 939813
1 940005
1 940096
1 940203
1 940330
1 940331
1 940334
1 940809
1 941101
1 941137
1 941138
1 941284
1 941334
1 941539
1 941619
1 941795
1 941796
1 942030
1 942292
1 942406
1 942609
1 942636
1 942705
1 942738
1 942894
1 943384
1 943468
1 943687
1 943712
1 943749
1 943907
1 943968
1 944007
1 944063
1 944204
1 944564
1 944850
1 944857
1 944956
1 945018
1 945096
1 945111
1 945349
1 945474
1 945612
1 945861
1 945862
1 945911
1 945944
1 946127
1 946128
1 946135
1 946196
1 946988
1 946999
1 947034
1 947538
1 947563
1 947703
1 947778
1 947809
1 948421
1 948477
1 948579
1 948692
1 948846
1 948869
1 948870
1 948921
1 949053
1 949235
1 949237
1 949608
1 949654
1 949831
1 949889
1 949925
1 950113
1 950114
1 950243
1 950357
1 950508
1 950599
1 950677
1 950716
1 951283
1 951295
1 951305
1 951322
1 951330
1 951564
1 951730
1 952003
1 952135
1 952345
1 952428
1 952494
1 952507
1 952642
1 952746
1 953077
1 953183
1 953224
1 953678
1 953702
1 953732
1 953745
1 953783
1 953908
1 953952
1 954032
1 954066
1 954134
1 954284
1 954777
1 955016
1 955078
1 955170
1 955213
1 955440
1 955441
1 955597
1 956061
1 956077
1 956245
1 956327
1 956493
1 956852
1 956972
1 957105
1 957120
1 957171
1 957173
1 957255
1 957568
1 957640
1 957898
1 957967
1 958017
1 958236
1 958248
1 958684
1 958731
1 958905
1 958953
1 959026
1 959155
1 959169
1 959231
1 959509
1 959842
1 959989
1 960409
1 960681
1 960941
1 961350
1 961366
1 961367
1 961372
1 961464
1 961599
1 961605
1 961827
1 961986
1 962036
1 962083
1 962210
1 962526
1 962606
1 962720
1 962757
1 962830
1 962891
1 962940
1 963013
1 963249
1 963338
1 963466
1 963467
1 963661
1 963721
1 963814
1 963945
1 963985
1 963986
1 964230
1 964284
1 964302
1 964450
1 964461
1 964462
1 964840
1 964848
1 965009
1 965088
1 965175
1 965278
1 965361
1 965420
1 965480
1 965481
1 965604
1 965756
1 965757
1 965876
1 965939
1 966011
1 966012
1 966064
1 966079
1 966126
1 966307
1 966391
1 966392
1 966467
1 966468
1 967658
1 968017
1 968226
1 968326
1 968345
1 968945
1 969659
1 969670
1 970215
1 970417
1 970455
1 970545
1 970546
1 970549
1 970550
1 970788
1 970836
1 970915
1 971120
1 971184
1 971224
1 971367
1 971687
1 971965
1 971991
1 972134
1 972180
1 972186
1 972323
1 972687
1 972752
1 972983
1 973066
1 973067
1 973336
1 973377
1 973458
1 973668
1 973859
1 974021
1 974123
1 974164
1 974180
1 974199
1 974225
1 974296
1 974310
1 974353
1 974355
1 974356
1 974391
1 974494
1 974570
1 974662
1 974710
1 974791
1 974894
1 974988
1 975133
1 975702
1 975781
1 975992
1 975993
1 976554
1 976629
1 976963
1 977200
1 977203
1 977220
1 977294
1 977330
1 977570
1 977780
1 978046
1 978147
1 978193
1 978603
1 978604
1 978974
1 979437
1 979514
1 979690
1 979748
1 979835
1 979890
1 979937
1 980077
1 980163
1 980189
1 980276
1 980440
1 980460
1 980773
1 980824
1 980948
1 980955
1 980956
1 980975
1 981087
1 981131
1 981931
1 981942
1 982213
1 982444
1 982462
1 982472
1 982482
1 982484
1 982513
1 982573
1 982722
1 982844
1 982941
1 982994
1 983006
1 983770
1 983925
1 984016
1 984033
1 984061
1 984102
1 984147
1 984148
1 984171
1 984172
1 984202
1 984302
1 984456
1 984494
1 984495
1 984769
1 984847
1 984860
1 984888
1 985171
1 985239
1 985266
1 985446
1 985449
1 985450
1 985460
1 985509
1 985753
1 985797
1 985826
1 985900
1 985999
1 986010
1 986038
1 986285
1 986286
1 986443
1 986737
1 987200
1 987670
1 987777
1 988016
1 988057
1 988058
1 988198
1 988199
1 988310
1 988503
1 988595
1 988596
1 988616
1 988659
1 988902
1 988932
1 989461
1 989500
1 990280
1 990380
1 990417
1 990517
1 990533
1 990687
1 990773
1 990806
1 990839
1 990882
1 990943
1 990984
1 991723
1 991724
1 991794
1 991795
1 991860
1 991871
1 991904
1 991950
1 991982
1 992042
1 992048
1 992084
1 992094
1 992265
1 992327
1 992511
1 992819
1 992840
1 992841
1 992844
1 992851
1 992852
1 992853
1 993028
1 993133
1 993263
1 993341
1 993360
1 993383
1 993581
1 993859
1 993987
1 994332
1 994391
1 994395
1 994396
1 994715
1 994717
1 994770
1 995020
1 995305
1 995306
1 995311
1 995481
1 996184
1 996248
1 996285
1 996650
1 996894
1 997081
1 997408
1 997436
1 997437
1 997769
1 997770
1 998276
1 998395
1 998501
1 998578
1 998582
1 998636
1 998716
1 998874
1 999410
1 999649
1 999998
1 1000156
1 1000910
1 1001177
1 1001270
1 1001290
1 1002387
1 1002434
1 1002539
1 1002831
1 1002932
1 1003053
1 1003629
1 1004202
1 1004204
1 1004331
1 1004389
1 1004400
1 1004460
1 1004946
1 1004957
1 1004980
1 1005806
1 1006069
1 1006150
1 1006223
1 1006481
1 1006513
1 1006804
1 1006990
1 1007131
1 1007203
1 1007222
1 1007432
1 1007433
1 1008194
1 1008628
1 1008992
1 1009223
1 1009234
1 1009241
1 1009441
1 1009478
1 1009725
1 1009823
1 1010040
1 1010118
1 1010209
1 1010259
1 1010290
1 1010291
1 1010717
1 1010830
1 1010859
1 1010871
1 1011087
1 1011088
1 1011095
1 1011425
1 1011467
1 1011561
1 1012439
1 1012483
1 1012517
1 1012547
1 1012625
1 1012631
1 1012663
1 1012859
1 1012963
1 1013429
1 1014836
1 1014864
1 1014955
1 1015126
1 1015257
1 1015551
1 1015716
1 1015718
1 1015817
1 1016383
1 1016532
1 1016627
1 1016872
1 1016967
1 1017029
1 1017170
1 1017197
1 1017216
1 1017341
1 1017587
1 1017598
1 1017706
1 1017897
1 1018063
1 1018144
1 1018562
1 1018598
1 1018704
1 1018775
1 1019175
1 1019180
1 1019986
1 1020286
1 1020406
1 1020700
1 1020714
1 1020882
1 1020883
1 1020923
1 1021346
1 1021408
1 1021415
1 1021583
1 1021658
1 1021695
1 1022037
1 1022129
1 1022154
1 1022201
1 1023114
1 1023145
1 1023310
1 1023444
1 1023788
1 1024479
1 1024784
1 1025270
1 1025301
1 1025859
1 1025908
1 1026071
1 1026428
1 1026707
1 1026801
1 1027070
1 1027124
1 1027310
1 1027311
1 1027724
1 1027735
1 1027820
1 1027845
1 1027846
1 1028259
1 1028304
1 1028805
1 1029805
1 1030315
1 1030374
1 1030565
1 1030633
1 1030901
1 1031060
1 1031138
1 1031341
1 1031540
1 1031973
1 1031977
1 1032165
1 1032184
1 1032388
1 1032954
1 1033596
1 1033626
1 1033670
1 1033680
1 1033994
1 1033999
1 1034200
1 1034243
1 1034472
1 1034499
1 1034532
1 1034533
1 1034537
1 1034569
1 1034689
1 1034721
1 1034837
1 1034876
1 1034928
1 1034929
1 1035805
1 1036590
1 1036601
1 1036817
1 1036860
1 1036868
1 1036876
1 1036877
1 1036959
1 1037047
1 1037303
1 1037313
1 1037367
1 1038088
1 1038334
1 1038977
1 1038997
1 1038998
1 1039098
1 1039185
1 1039268
1 1039373
1 1039534
1 1039817
1 1039857
1 1039953
1 1040026
1 1040418
1 1040472
1 1040593
1 1040794
1 1040824
1 1040885
1 1040940
1 1040985
1 1041119
1 1041366
1 1041700
1 1041786
1 1042026
1 1042027
1 1042059
1 1042378
1 1042394
1 1042483
1 1042527
1 1042673
1 1042819
1 1042927
1 1043053
1 1043218
1 1043262
1 1043737
1 1043743
1 1043829
1 1043888
1 1044087
1 1044144
1 1044242
1 1044319
1 1044367
1 1044424
1 1044473
1 1044488
1 1044489
1 1045180
1 1045473
1 1045538
1 1045606
1 1045839
1 1045871
1 1046073
1 1046162
1 1046164
1 1046717
1 1046861
1 1047020
1 1047028
1 1047153
1 1047333
1 1047374
1 1047981
1 1048501
1 1048570
1 1048571
1 1048640
1 1048724
1 1048955
1 1048989
1 1049083
1 1049321
1 1049383
1 1049523
1 1049950
1 1050149
1 1050264
1 1050478
1 1050546
1 1050654
1 1050701
1 1050999
1 1051000
1 1051063
1 1051684
1 1051869
1 1051882
1 1052108
1 1052372
1 1052946
1 1052987
1 1053385
1 1053452
1 1053570
1 1053670
1 1053724
1 1053795
1 1053827
1 1053871
1 1054076
1 1054157
1 1054159
1 1054212
1 1054215
1 1054552
1 1054670
1 1054671
1 1054741
1 1054743
1 1054806
1 1054893
1 1054894
1 1054988
1 1054989
1 1055016
1 1055427
1 1055428
1 1055442
1 1055653
1 1055797
1 1055839
1 1055877
1 1055901
1 1056006
1 1056151
1 1056197
1 1056201
1 1056263
1 1056269
1 1056270
1 1056292
1 1056293
1 1056348
1 1056576
1 1056653
1 1056715
1 1056733
1 1056939
1 1057398
1 1057422
1 1057508
1 1057524
1 1058029
1 1058514
1 1058635
1 1058768
1 1058889
1 1058919
1 1058925
1 1058926
1 1058949
1 1058952
1 1058964
1 1058969
1 1058978
1 1059060
1 1059269
1 1059270
1 1059405
1 1059449
1 1059486
1 1059608
1 1059673
1 1060043
1 1060148
1 1060164
1 1060174
1 1060175
1 1060235
1 1060355
1 1060506
1 1060608
1 1060816
1 1061115
1 1061152
1 1061166
1 1061202
1 1061262
1 1061508
1 1061513
1 1061602
1 1061674
1 1061794
1 1061848
1 1061951
1 1062015
1 1062025
1 1062034
1 1062290
1 1062309
1 1062429
1 1062464
1 1062638
1 1063044
1 1063145
1 1063241
1 1063279
1 1063588
1 1064535
1 1064670
1 1064802
1 1064979
1 1065131
1 1065230
1 1065296
1 1065436
1 1065498
1 1065726
1 1065800
1 1065815
1 1065857
1 1065858
1 1066029
1 1066087
1 1066096
1 1066097
1 1066218
1 1066255
1 1066257
1 1066259
1 1066282
1 1066388
1 1066403
1 1066445
1 1066819
1 1066828
1 1066946
1 1066952
1 1066953
1 1067143
1 1067396
1 1067576
1 1067596
1 1067597
1 1067674
1 1067862
1 1067865
1 1067878
1 1068190
1 1068280
1 1068458
1 1068669
1 1068670
1 1068832
1 1068833
1 1068882
1 1068883
1 1069187
1 1069191
1 1069281
1 1069346
1 1069420
1 1069425
1 1069442
1 1069443
1 1069450
1 1069451
1 1069475
1 1069476
1 1069523
1 1069535
1 1069602
1 1069653
1 1069948
1 1070092
1 1070128
1 1070441
1 1070467
1 1070722
1 1070798
1 1071046
1 1071118
1 1071192
1 1071354
1 1072181
1 1072498
1 1072610
1 1072613
1 1072686
1 1073251
1 1073767
1 1074147
1 1074256
1 1074334
1 1074363
1 1074431
1 1074671
1 1075925
1 1076238
1 1077064
1 1077854
1 1077962
1 1078090
1 1078138
1 1078583
1 1079191
1 1079198
1 1079261
1 1079866
1 1080166
1 1080286
1 1080394
1 1080925
1 1080927
1 1081052
1 1081146
1 1081147
1 1081348
1 1081403
1 1081434
1 1081543
1 1081953
1 1082232
1 1082334
1 1082537
1 1082573
1 1082599
1 1082790
1 1082798
1 1082829
1 1082893
1 1083047
1 1083056
1 1083159
1 1083356
1 1083693
1 1083827
1 1083950
1 1083999
1 1084179
1 1084475
1 1084476
1 1084615
1 1084718
1 1084794
1 1084803
1 1084982
1 1084990
1 1085072
1 1085156
1 1085344
1 1085416
1 1085546
1 1085785
1 1085993
1 1086179
1 1086423
1 1086482
1 1086773
1 1086822
1 1086879
1 1086937
1 1087255
1 1087428
1 1087452
1 1087683
1 1087995
1 1088009
1 1088028
1 1088089
1 1088123
1 1088139
1 1088314
1 1088392
1 1088534
1 1088562
1 1088671
1 1088716
1 1088777
1 1088788
1 1088865
1 1088908
1 1089106
1 1089148
1 1089262
1 1089699
1 1089830
1 1090010
1 1090023
1 1090317
1 1090511
1 1090557
1 1090577
1 1091233
1 1091313
1 1091465
1 1091505
1 1091576
1 1091702
1 1091716
1 1091827
1 1091981
1 1092071
1 1092148
1 1092170
1 1092205
1 1092283
1 1092287
1 1092344
1 1092367
1 1092400
1 1092424
1 1092461
1 1092470
1 1092482
1 1092563
1 1092589
1 1092599
1 1092694
1 1092695
1 1092952
1 1093232
1 1093469
1 1093514
1 1093784
1 1093836
1 1093855
1 1093995
1 1093996
1 1094025
1 1094063
1 1094185
1 1094485
1 1094589
1 1094655
1 1094672
1 1094738
1 1094979
1 1095081
1 1095130
1 1095288
1 1095383
1 1095619
1 1095620
1 1096011
1 1096198
1 1096908
1 1097092
1 1097100
1 1097287
1 1097291
1 1097335
1 1097407
1 1097408
1 1097724
1 1097937
1 1097993
1 1098266
1 1098358
1 1098421
1 1098478
1 1098714
1 1098820
1 1098821
1 1099277
1 1099342
1 1099437
1 1099840
1 1100217
1 1100319
1 1100524
1 1100857
1 1101003
1 1101302
1 1101413
1 1102069
1 1102296
1 1102657
1 1102793
1 1103049
1 1103150
1 1103436
1 1103537
1 1103542
1 1103958
1 1104117
1 1104584
1 1104624
1 1104890
1 1105238
1 1105479
1 1105721
1 1105782
1 1106061
1 1106112
1 1106473
1 1106759
1 1106773
1 1106784
1 1106929
1 1106993
1 1107133
1 1107294
1 1107303
1 1107305
1 1107307
1 1107359
1 1107842
1 1108014
1 1108156
1 1108157
1 1108277
1 1108339
1 1108518
1 1108637
1 1108757
1 1108951
1 1109104
1 1109154
1 1109193
1 1109195
1 1109252
1 1109311
1 1109315
1 1109345
1 1109376
1 1109476
1 1109554
1 1109653
1 1109765
1 1109782
1 1109903
1 1109953
1 1109958
1 1110019
1 1110070
1 1110127
1 1110167
1 1110225
1 1110351
1 1110368
1 1110420
1 1110550
1 1110557
1 1110586
1 1110755
1 1110987
1 1110991
1 1111147
1 1111245
1 1111412
1 1111546
1 1111576
1 1111625
1 1111633
1 1111650
1 1111743
1 1111870
1 1111888
1 1111889
1 1111906
1 1111962
1 1111987
1 1112228
1 1112260
1 1112307
1 1112309
1 1112452
1 1112698
1 1112810
1 1112982
1 1113121
1 1113394
1 1113501
1 1113571
1 1114111
1 1114524
1 1114668
1 1114747
1 1115210
1 1115213
1 1115222
1 1115379
1 1115415
1 1115461
1 1115503
1 1115604
1 1115739
1 1115840
1 1115841
1 1115994
1 1116005
1 1116231
1 1116311
1 1116553
1 1116806
1 1117111
1 1117200
1 1117398
1 1117486
1 1117522
1 1117529
1 1117709
1 1118212
1 1118275
1 1118491
1 1118560
1 1118578
1 1118728
1 1118898
1 1119234
1 1119546
1 1119657
1 1119796
1 1119803
1 1119858
1 1120307
1 1120370
1 1120431
1 1120488
1 1120495
1 1120503
1 1120536
1 1120621
1 1120821
1 1121014
1 1121341
1 1121358
1 1121424
1 1121480
1 1121557
1 1121625
1 1121657
1 1121709
1 1121715
1 1121788
1 1121794
1 1121835
1 1121866
1 1122024
1 1122196
1 1122230
1 1122231
1 1122283
1 1122319
1 1122388
1 1122393
1 1122396
1 1122468
1 1122516
1 1122539
1 1122915
1 1122916
1 1122937
1 1123106
1 1123434
1 1124005
1 1124100
1 1124257
1 1124343
1 1124399
1 1124538
1 1124663
1 1124750
1 1124792
1 1124819
1 1124891
1 1124974
1 1125110
1 1125126
1 1125220
1 1125221
1 1125348
1 1125423
1 1125441
1 1125553
1 1125627
1 1125774
1 1125811
1 1126087
1 1126236
1 1126255
1 1126806
1 1126949
1 1126994
1 1127010
1 1127101
1 1127137
1 1127322
1 1127330
1 1127380
1 1127507
1 1127523
1 1127608
1 1127681
1 1127860
1 1127948
1 1127977
1 1128331
1 1128404
1 1128405
1 1128429
1 1128521
1 1128778
1 1129005
1 1129032
1 1129122
1 1129362
1 1129672
1 1129707
1 1129789
1 1129920
1 1130093
1 1130114
1 1130200
1 1130206
1 1130311
1 1130361
1 1130362
1 1130480
1 1130590
1 1130660
1 1130727
1 1130843
1 1130855
1 1131052
1 1131147
1 1131236
1 1131419
1 1131441
1 1131503
1 1131581
1 1132785
1 1132938
1 1132966
1 1133077
1 1133254
1 1133273
1 1133311
1 1133312
1 1133315
1 1133316
1 1133502
1 1133572
1 1133657
1 1133787
1 1133815
1 1133930
1 1134053
1 1134252
1 1134253
1 1134633
1 1134707
1 1135057
1 1135107
1 1135108
1 1135242
1 1135299
1 1135651
1 1135826
1 1136274
1 1136275
1 1136668
1 1136753
1 1137191
1 1137193
1 1137706
1 1138005
1 1138043
1 1138285
1 1138735
1 1138913
1 1139202
1 1139498
1 1139565
1 1139862
1 1140153
1 1140290
1 1140435
1 1140504
1 1140654
1 1141193
1 1141387
1 1141556
1 1141723
1 1141824
1 1142150
1 1142254
1 1142358
1 1142399
1 1142691
1 1142692
1 1142714
1 1143104
1 1143179
1 1143180
1 1143297
1 1143418
1 1143451
1 1143657
1 1143922
1 1144055
1 1144058
1 1144122
1 1144164
1 1144196
1 1144499
1 1144500
1 1144616
1 1144653
1 1144696
1 1144832
1 1145411
1 1145441
1 1145467
1 1145481
1 1145482
1 1145766
1 1145771
1 1146011
1 1146276
1 1146339
1 1146399
1 1146696
1 1146785
1 1146853
1 1147243
1 1147297
1 1147422
1 1147655
1 1147770
1 1148100
1 1148278
1 1148358
1 1148725
1 1149316
1 1149746
1 1150037
1 1150181
1 1150211
1 1150438
1 1150448
1 1150764
1 1150855
1 1151232
1 1151300
1 1151542
1 1151558
1 1151679
1 1151917
1 1151973
1 1152080
1 1152087
1 1152088
1 1152089
1 1152271
1 1152272
1 1152548
1 1152601
1 1152631
1 1152731
1 1152763
1 1152764
1 1152843
1 1153113
1 1153455
1 1154121
1 1154539
1 1154583
1 1154592
1 1154858
1 1154957
1 1155015
1 1155082
1 1155238
1 1155261
1 1155321
1 1155617
1 1155685
1 1155757
1 1155786
1 1155804
1 1155855
1 1156131
1 1156429
1 1156474
1 1156655
1 1156735
1 1157340
1 1157372
1 1157547
1 1157564
1 1157625
1 1157631
1 1157684
1 1157705
1 1157834
1 1157862
1 1157959
1 1157960
1 1157974
1 1157991
1 1158020
1 1158070
1 1158277
1 1158326
1 1158357
1 1158441
1 1158442
1 1158534
1 1158562
1 1158563
1 1158631
1 1158948
1 1158973
1 1158975
1 1159020
1 1159024
1 1159062
1 1159107
1 1159175
1 1159179
1 1159182
1 1159485
1 1159517
1 1159540
1 1159661
1 1159662
1 1159729
1 1160163
1 1160224
1 1160226
1 1160245
1 1160665
1 1160800
1 1160809
1 1160856
1 1161129
1 1161234
1 1161362
1 1161383
1 1161393
1 1161641
1 1161717
1 1161732
1 1161743
1 1161755
1 1161756
1 1161780
1 1161866
1 1161931
1 1161966
1 1161967
1 1162000
1 1162114
1 1162172
1 1162272
1 1162281
1 1162316
1 1162326
1 1162435
1 1162541
1 1162682
1 1162747
1 1163065
1 1163172
1 1163266
1 1163355
1 1163449
1 1163474
1 1163767
1 1163773
1 1163804
1 1163811
1 1163964
1 1164031
1 1164072
1 1164090
1 1164179
1 1164250
1 1164465
1 1164510
1 1164529
1 1164538
1 1164540
1 1164564
1 1164624
1 1164628
1 1164687
1 1164749
1 1164758
1 1164930
1 1165280
1 1165281
1 1165310
1 1165320
1 1165321
1 1165361
1 1165471
1 1165522
1 1165539
1 1165704
1 1165725
1 1165821
1 1165842
1 1165880
1 1166075
1 1166086
1 1166177
1 1166205
1 1166389
1 1166887
1 1167090
1 1167091
1 1167796
1 1168180
1 1168843
1 1169094
1 1169485
1 1169637
1 1169728
1 1169973
1 1170005
1 1170148
1 1170479
1 1170587
1 1170682
1 1170729
1 1170982
1 1171022
1 1171100
1 1171153
1 1171249
1 1171377
1 1171386
1 1171387
1 1171417
1 1171452
1 1171455
1 1171539
1 1171578
1 1171683
1 1171836
1 1171967
1 1172085
1 1172122
1 1172212
1 1172390
1 1172784
1 1172907
1 1173248
1 1173611
1 1174093
1 1174263
1 1174282
1 1174954
1 1175305
1 1175747
1 1175770
1 1175960
1 1176007
1 1176227
1 1176433
1 1176597
1 1177019
1 1177211
1 1177474
1 1177630
1 1177773
1 1177821
1 1177893
1 1177918
1 1177919
1 1178244
1 1178245
1 1178266
1 1178453
1 1178482
1 1178925
1 1179030
1 1179202
1 1179227
1 1179309
1 1179385
1 1179983
1 1180438
1 1180779
1 1181372
1 1181404
1 1181596
1 1181751
1 1181787
1 1182031
1 1182350
1 1182409
1 1182905
1 1182987
1 1183397
1 1183442
1 1183443
1 1183448
1 1183449
1 1183455
1 1183521
1 1183529
1 1183586
1 1183598
1 1183689
1 1183758
1 1183858
1 1183865
1 1183977
1 1184046
1 1184066
1 1184089
1 1184178
1 1184244
1 1184245
1 1184285
1 1184351
1 1184483
1 1185008
1 1185260
1 1185507
1 1185524
1 1185558
1 1186022
1 1186195
1 1186196
1 1186272
1 1186341
1 1186502
1 1186665
1 1186736
1 1186737
1 1186748
1 1186821
1 1186998
1 1187448
1 1187641
1 1187867
1 1187993
1 1188130
1 1188225
1 1188306
1 1188944
1 1189605
1 1189663
1 1190061
1 1190206
1 1190207
1 1190523
1 1190685
1 1190913
1 1190914
1 1191651
1 1191870
1 1192515
1 1192767
1 1192789
1 1192796
1 1192963
1 1193021
1 1193112
1 1193432
1 1193476
1 1193586
1 1193587
1 1193712
1 1193713
1 1193723
1 1193766
1 1193852
1 1194470
1 1194471
1 1194473
1 1194545
1 1194638
1 1194804
1 1195324
1 1195450
1 1195593
1 1195657
1 1195690
1 1195768
1 1195820
1 1195883
1 1196374
1 1196471
1 1196863
1 1197271
1 1197272
1 1197330
1 1197541
1 1197591
1 1197698
1 1197867
1 1198347
1 1198452
1 1198496
1 1198510
1 1198578
1 1198618
1 1199207
1 1199211
1 1199573
1 1199577
1 1200192
1 1200202
1 1200491
1 1200944
1 1200945
1 1201216
1 1201356
1 1201632
1 1201640
1 1201939
1 1201945
1 1202437
1 1202471
1 1202656
1 1202657
1 1203271
1 1203387
1 1203464
1 1203618
1 1203732
1 1203745
1 1203938
1 1204155
1 1204224
1 1204225
1 1204354
1 1204479
1 1204583
1 1205155
1 1205336
1 1205338
1 1205435
1 1205976
1 1206343
1 1206619
1 1206778
1 1206861
1 1207215
1 1208195
1 1208287
1 1209183
1 1209482
1 1209539
1 1209636
1 1210300
1 1210333
1 1210352
1 1210360
1 1210435
1 1210468
1 1210471
1 1210744
1 1210785
1 1210848
1 1210963
1 1211292
1 1211602
1 1211927
1 1211944
1 1212226
1 1212227
1 1212570
1 1212612
1 1212649
1 1212795
1 1213013
1 1213126
1 1213210
1 1213223
1 1213224
1 1213266
1 1213496
1 1213787
1 1213930
1 1213936
1 1213995
1 1214153
1 1214413
1 1214414
1 1214542
1 1214678
1 1214805
1 1214821
1 1215074
1 1215078
1 1215108
1 1215109
1 1215111
1 1215136
1 1215260
1 1215262
1 1215381
1 1215404
1 1215424
1 1215712
1 1215722
1 1215796
1 1215849
1 1215851
1 1216195
1 1216258
1 1216470
1 1216543
1 1216548
1 1216549
1 1216550
1 1216551
1 1216581
1 1217011
1 1217020
1 1217021
1 1217058
1 1217258
1 1217937
1 1217938
1 1218086
1 1218189
1 1218334
1 1218545
1 1218655
1 1218794
1 1218800
1 1218852
1 1218890
1 1219035
1 1219382
1 1219775
1 1219931
1 1219941
1 1219964
1 1220136
1 1220223
1 1220367
1 1220425
1 1220504
1 1220610
1 1220765
1 1220822
1 1220954
1 1221001
1 1221054
1 1221055
1 1221138
1 1221276
1 1221302
1 1221717
1 1221728
1 1221912
1 1221918
1 1222051
1 1222267
1 1222407
1 1222598
1 1222690
1 1222695
1 1222739
1 1222958
1 1223385
1 1223427
1 1223465
1 1223466
1 1223529
1 1223570
1 1223572
1 1223584
1 1223602
1 1223608
1 1223938
1 1224789
1 1224802
1 1225116
1 1225168
1 1225169
1 1225217
1 1225248
1 1225266
1 1225268
1 1225322
1 1225425
1 1225431
1 1225432
1 1225484
1 1225505
1 1225507
1 1225512
1 1225553
1 1225559
1 1225560
1 1225562
1 1225566
1 1225571
1 1225576
1 1225579
1 1225580
1 1225612
1 1225641
1 1225810
1 1225824
1 1225945
1 1225959
1 1226063
1 1226102
1 1226201
1 1226221
1 1226231
1 1226233
1 1226267
1 1226292
1 1226348
1 1226350
1 1226423
1 1226651
1 1226757
1 1226851
1 1226889
1 1227111
1 1227112
1 1227182
1 1227196
1 1227244
1 1227249
1 1227412
1 1227664
1 1227665
1 1227847
1 1227897
1 1228326
1 1228797
1 1229114
1 1229356
1 1229373
1 1229383
1 1229680
1 1229770
1 1230030
1 1230408
1 1230417
1 1230419
1 1230440
1 1230689
1 1231001
1 1231334
1 1231507
1 1231587
1 1231656
1 1231744
1 1231783
1 1232174
1 1232175
1 1232195
1 1232196
1 1232206
1 1232229
1 1232233
1 1232319
1 1232431
1 1232432
1 1232485
1 1232486
1 1232503
1 1232548
1 1232567
1 1232593
1 1232754
1 1232755
1 1232793
1 1232819
1 1232861
1 1232862
1 1232888
1 1232903
1 1232907
1 1232908
1 1232983
1 1232984
1 1232995
1 1233000
1 1233045
1 1233065
1 1233072
1 1233085
1 1233086
1 1233112
1 1233113
1 1233127
1 1233131
1 1233132
1 1233332
1 1233580
1 1233672
1 1233941
1 1234169
1 1234554
1 1234591
1 1234762
1 1234763
1 1234955
1 1235710
1 1235792
1 1235845
1 1236856
1 1237036
1 1237494
1 1237538
1 1237604
1 1237688
1 1237689
1 1237829
1 1238179
1 1238216
1 1238492
1 1238583
1 1239055
1 1239077
1 1239098
1 1239180
1 1239339
1 1239708
1 1239797
1 1239935
1 1239953
1 1240192
1 1240237
1 1240459
1 1240717
1 1241023
1 1241280
1 1241529
1 1241563
1 1241721
1 1241722
1 1241746
1 1241800
1 1241835
1 1241903
1 1241964
1 1242084
1 1242215
1 1242288
1 1242312
1 1242468
1 1242656
1 1242707
1 1242983
1 1243032
1 1243558
1 1243559
1 1243664
1 1243896
1 1243933
1 1243934
1 1244455
1 1244638
1 1245176
1 1245368
1 1245372
1 1245488
1 1246004
1 1246169
1 1246170
1 1246256
1 1246257
1 1246290
1 1246291
1 1246303
1 1246438
1 1246484
1 1246487
1 1247093
1 1247185
1 1247186
1 1247494
1 1247555
1 1247588
1 1248586
1 1248794
1 1249187
1 1250318
1 1250957
1 1251209
1 1251232
1 1251323
1 1251388
1 1251422
1 1252261
1 1252309
1 1252400
1 1252496
1 1252658
1 1253899
1 1254069
1 1254136
1 1254171
1 1254255
1 1254436
1 1254443
1 1254503
1 1254841
1 1255028
1 1255130
1 1255251
1 1255287
1 1255437
1 1256033
1 1256250
1 1256608
1 1256957
1 1257593
1 1257807
1 1258246
1 1258259
1 1258527
1 1258721
1 1258733
1 1259233
1 1259482
1 1259514
1 1259559
1 1259561
1 1259600
1 1259947
1 1260153
1 1260168
1 1260462
1 1260733
1 1260760
1 1261080
1 1261091
1 1261133
1 1261347
1 1261824
1 1262276
1 1262591
1 1262966
1 1263144
1 1263362
1 1263451
1 1263457
1 1264136
1 1264280
1 1264334
1 1264463
1 1264539
1 1264571
1 1264733
1 1265014
1 1265051
1 1265127
1 1265154
1 1265300
1 1265301
1 1265353
1 1265354
1 1265448
1 1265460
1 1265505
1 1266425
1 1266476
1 1266505
1 1266738
1 1266740
1 1267046
1 1267325
1 1267651
1 1268010
1 1268159
1 1268195
1 1268348
1 1268550
1 1268847
1 1269004
1 1269076
1 1269488
1 1269554
1 1269888
1 1269921
1 1269986
1 1270049
1 1270132
1 1270329
1 1270359
1 1270453
1 1270482
1 1270895
1 1271139
1 1271175
1 1271636
1 1271942
1 1272045
1 1272228
1 1272497
1 1272636
1 1272842
1 1273116
1 1273278
1 1274242
1 1274350
1 1274541
1 1275200
1 1275716
1 1275956
1 1276077
1 1276126
1 1276191
1 1276192
1 1276219
1 1276220
1 1276236
1 1276363
1 1276410
1 1276425
1 1276459
1 1276478
1 1276498
1 1276626
1 1276702
1 1276742
1 1276743
1 1276812
1 1276920
1 1276921
1 1276930
1 1276931
1 1276939
1 1276973
1 1277183
1 1277533
1 1277596
1 1277649
1 1277735
1 1278237
1 1278253
1 1278637
1 1278638
1 1278645
1 1278647
1 1278753
1 1279025
1 1279428
1 1280014
1 1280141
1 1280492
1 1280519
1 1280803
1 1280808
1 1281345
1 1281445
1 1281693
1 1281833
1 1281839
1 1282270
1 1282972
1 1283808
1 1283809
1 1283854
1 1284490
1 1284841
1 1284858
1 1284861
1 1284934
1 1284937
1 1284940
1 1285136
1 1285358
1 1286786
1 1286803
1 1286804
1 1286821
1 1286897
1 1286967
1 1287040
1 1287127
1 1287250
1 1287255
1 1287399
1 1287449
1 1287483
1 1287562
1 1287922
1 1288042
1 1288298
1 1288345
1 1288424
1 1288471
1 1288521
1 1288583
1 1288685
1 1288823
1 1288838
1 1288926
1 1289367
1 1289368
1 1289911
1 1290408
1 1290581
1 1290592
1 1290593
1 1291085
1 1291159
1 1291160
1 1291507
1 1291708
1 1292131
1 1292386
1 1292387
1 1292426
1 1292626
1 1292749
1 1293343
1 1293764
1 1294037
1 1294287
1 1294382
1 1294470
1 1294518
1 1294928
1 1295093
1 1295094
1 1295147
1 1295323
1 1295403
1 1295682
1 1295882
1 1295887
1 1295982
1 1296153
1 1296255
1 1296256
1 1296281
1 1296282
1 1296363
1 1296364
1 1296395
1 1296396
1 1296404
1 1296433
1 1296434
1 1296611
1 1296691
1 1296818
1 1297059
1 1297065
1 1297213
1 1297216
1 1297227
1 1297422
1 1297483
1 1297635
1 1297698
1 1297723
1 1297794
1 1297836
1 1297850
1 1297895
1 1298169
1 1298170
1 1298411
1 1298461
1 1298462
1 1298533
1 1298537
1 1298836
1 1298837
1 1298838
1 1298964
1 1298982
1 1299041
1 1299068
1 1299106
1 1299129
1 1299260
1 1299278
1 1299366
1 1299479
1 1299480
1 1299484
1 1299485
1 1299571
1 1299603
1 1299633
1 1299662
1 1299713
1 1299737
1 1299946
1 1299994
1 1300022
1 1300074
1 1300101
1 1300303
1 1300347
1 1300416
1 1300540
1 1300578
1 1300894
1 1300946
1 1301199
1 1301200
1 1301388
1 1301410
1 1301411
1 1301442
1 1301504
1 1301525
1 1301526
1 1301563
1 1301564
1 1301567
1 1301633
1 1301642
1 1301651
1 1301652
1 1301679
1 1301680
1 1301807
1 1301808
1 1301909
1 1301910
1 1301941
1 1301942
1 1301981
1 1302106
1 1302208
1 1302210
1 1302331
1 1302408
1 1302536
1 1302555
1 1302638
1 1302648
1 1302649
1 1302660
1 1302678
1 1302679
1 1302680
1 1302709
1 1302753
1 1302768
1 1302842
1 1302878
1 1302973
1 1302987
1 1302995
1 1303050
1 1303051
1 1303102
1 1303103
1 1303254
1 1303299
1 1303331
1 1303334
1 1303345
1 1303350
1 1303374
1 1303427
1 1303428
1 1303557
1 1303677
1 1303894
1 1304143
1 1304371
1 1304389
1 1304392
1 1304662
1 1304700
1 1304701
1 1304787
1 1304856
1 1304857
1 1304936
1 1305007
1 1305066
1 1305096
1 1305121
1 1305183
1 1305201
1 1305493
1 1305561
1 1305697
1 1305700
1 1305807
1 1305809
1 1305810
1 1305912
1 1305933
1 1305934
1 1305964
1 1306345
1 1306346
1 1306558
1 1306918
1 1307600
1 1307638
1 1308091
1 1308115
1 1308284
1 1308285
1 1308289
1 1308331
1 1308386
1 1308387
1 1308459
1 1308628
1 1308871
1 1308962
1 1308982
1 1309185
1 1309405
1 1309458
1 1309885
1 1309942
1 1310074
1 1310181
1 1310668
1 1310769
1 1310924
1 1310975
1 1311022
1 1311052
1 1311053
1 1311059
1 1311078
1 1311168
1 1311303
1 1311378
1 1311405
1 1311434
1 1311472
1 1311533
1 1311542
1 1311716
1 1312132
1 1312811
1 1313341
1 1313342
1 1313489
1 1313584
1 1313930
1 1313971
1 1314015
1 1314172
1 1314245
1 1314463
1 1314464
1 1314468
1 1314471
1 1314474
1 1314707
1 1314714
1 1315044
1 1315065
1 1315274
1 1315275
1 1315343
1 1315423
1 1315586
1 1315893
1 1316122
1 1316170
1 1316247
1 1316468
1 1316648
1 1316670
1 1316674
1 1316887
1 1317755
1 1317869
1 1317870
1 1317871
1 1318077
1 1318116
1 1318209
1 1318210
1 1318265
1 1318273
1 1318351
1 1318461
1 1318464
1 1319123
1 1319178
1 1319179
1 1319926
1 1319935
1 1319936
1 1320105
1 1320129
1 1320408
1 1320435
1 1320616
1 1320764
1 1320889
1 1320933
1 1321090
1 1321299
1 1322210
1 1322211
1 1322241
1 1322242
1 1322268
1 1323030
1 1323078
1 1323143
1 1323144
1 1323646
1 1323945
1 1323947
1 1323957
1 1323958
1 1323961
1 1323963
1 1323965
1 1323967
1 1324324
1 1325157
1 1325207
1 1325295
1 1325493
1 1325494
1 1325990
1 1328971
1 1329332
1 1329421
1 1329803
1 1329895
1 1330018
1 1330291
1 1330426
1 1330430
1 1330726
1 1330959
1 1331066
1 1331833
1 1331866
1 1331937
1 1332112
1 1332137
1 1332452
1 1332949
1 1333436
1 1333598
1 1334052
1 1334053
1 1334475
1 1334700
1 1335218
1 1335302
1 1335790
1 1336006
1 1336136
1 1336137
1 1336478
1 1336482
1 1336626
1 1336678
1 1336702
1 1337220
1 1337334
1 1337837
1 1337895
1 1337896
1 1338280
1 1338324
1 1338507
1 1338596
1 1338620
1 1338621
1 1338973
1 1339288
1 1339465
1 1339515
1 1339538
1 1339609
1 1339724
1 1339727
1 1340211
1 1340241
1 1340284
1 1340285
1 1340446
1 1340696
1 1341185
1 1341511
1 1342086
1 1342269
1 1342394
1 1342612
1 1342945
1 1343135
1 1343666
1 1343828
1 1344067
1 1344190
1 1344411
1 1344482
1 1344539
1 1344589
1 1344686
1 1345003
1 1345227
1 1345422
1 1345475
1 1345480
1 1345495
1 1345563
1 1345831
1 1345896
1 1345970
1 1345996
1 1346257
1 1346576
1 1346703
1 1346905
1 1346972
1 1347038
1 1347114
1 1347115
1 1347227
1 1347228
1 1347309
1 1347333
1 1347463
1 1347559
1 1347868
1 1348003
1 1348179
1 1348180
1 1348284
1 1348285
1 1348312
1 1348313
1 1348786
1 1348991
1 1348992
1 1349133
1 1349278
1 1350239
1 1350391
1 1350601
1 1350753
1 1350765
1 1350935
1 1351039
1 1351134
1 1351135
1 1351142
1 1351143
1 1351172
1 1351356
1 1352127
1 1352128
1 1352380
1 1352411
1 1352426
1 1352503
1 1352538
1 1352720
1 1352941
1 1352943
1 1353049
1 1353380
1 1353561
1 1353591
1 1353601
1 1353603
1 1353632
1 1353842
1 1354060
1 1354515
1 1354594
1 1354920
1 1355020
1 1355160
1 1355446
1 1355583
1 1355796
1 1356550
1 1356880
1 1357194
1 1357461
1 1357660
1 1357665
1 1357759
1 1357992
1 1357993
1 1358208
1 1358326
1 1358442
1 1358571
1 1358723
1 1358748
1 1358773
1 1358858
1 1359141
1 1359142
1 1359155
1 1359351
1 1359458
1 1359482
1 1359600
1 1359736
1 1359839
1 1360105
1 1360107
1 1360157
1 1360199
1 1360280
1 1360393
1 1360475
1 1360515
1 1360580
1 1361002
1 1361013
1 1361130
1 1361202
1 1361316
1 1361364
1 1361530
1 1361544
1 1361555
1 1361633
1 1361641
1 1361736
1 1361887
1 1361960
1 1362151
1 1362190
1 1362287
1 1362341
1 1362373
1 1362390
1 1362409
1 1362460
1 1362548
1 1363372
1 1363375
1 1363552
1 1363553
1 1363607
1 1363807
1 1363922
1 1363981
1 1364119
1 1364143
1 1364349
1 1365003
1 1365134
1 1365245
1 1365334
1 1365400
1 1365570
1 1365759
1 1366258
1 1366274
1 1366286
1 1366288
1 1366394
1 1366406
1 1366407
1 1366433
1 1366618
1 1366644
1 1366830
1 1366839
1 1366917
1 1367036
1 1367087
1 1367192
1 1367193
1 1367599
1 1367699
1 1367708
1 1367735
1 1367747
1 1367748
1 1368060
1 1368063
1 1368064
1 1368224
1 1368225
1 1368408
1 1368409
1 1368438
1 1368440
1 1368530
1 1368599
1 1368647
1 1368754
1 1368870
1 1369623
1 1370067
1 1371325
1 1371440
1 1371441
1 1371459
1 1371768
1 1371769
1 1373335
1 1373373
1 1373482
1 1373567
1 1373678
1 1374272
1 1374286
1 1374752
1 1374805
1 1374834
1 1375062
1 1375185
1 1375207
1 1375810
1 1375947
1 1376214
1 1376395
1 1376558
1 1376567
1 1377432
1 1377441
1 1377535
1 1377687
1 1377799
1 1378008
1 1378102
1 1378173
1 1378313
1 1378314
1 1378513
1 1378663
1 1378837
1 1378943
1 1379000
1 1379021
1 1379022
1 1379197
1 1379198
1 1379498
1 1379499
1 1379995
1 1380061
1 1380080
1 1380104
1 1380435
1 1380567
1 1380614
1 1380620
1 1381253
1 1381683
1 1382501
1 1382531
1 1382538
1 1383030
1 1383587
1 1383917
1 1384007
1 1384146
1 1384295
1 1384389
1 1384429
1 1384550
1 1384606
1 1384607
1 1384639
1 1384640
1 1384656
1 1384657
1 1384659
1 1384660
1 1384706
1 1384707
1 1385211
1 1385573
1 1385673
1 1385702
1 1385703
1 1386016
1 1386089
1 1386160
1 1386196
1 1386408
1 1386578
1 1386930
1 1387106
1 1387118
1 1387167
1 1387170
1 1387213
1 1387262
1 1387282
1 1387293
1 1387319
1 1387348
1 1387432
1 1387667
1 1387726
1 1387747
1 1387764
1 1387891
1 1387920
1 1388177
1 1388178
1 1388192
1 1388205
1 1388206
1 1388268
1 1388289
1 1388932
1 1389077
1 1389083
1 1389250
1 1389341
1 1389472
1 1389695
1 1389774
1 1389843
1 1389886
1 1389917
1 1389959
1 1389961
1 1389962
1 1389967
1 1389992
1 1390056
1 1390145
1 1390150
1 1390171
1 1390226
1 1390228
1 1390336
1 1390514
1 1390717
1 1390875
1 1390997
1 1391304
1 1391431
1 1391448
1 1391459
1 1391534
1 1391562
1 1391915
1 1391958
1 1391959
1 1392032
1 1392209
1 1392270
1 1392271
1 1392413
1 1392439
1 1392440
1 1392451
1 1392722
1 1392726
1 1392793
1 1393207
1 1393299
1 1393302
1 1393303
1 1393409
1 1393715
1 1393716
1 1393763
1 1393828
1 1394110
1 1394202
1 1394241
1 1394347
1 1394384
1 1394388
1 1394425
1 1394594
1 1394627
1 1394653
1 1394663
1 1394664
1 1394737
1 1394750
1 1394771
1 1394814
1 1394854
1 1394898
1 1395012
1 1395038
1 1395042
1 1395088
1 1395179
1 1395229
1 1395281
1 1395339
1 1395402
1 1395403
1 1395404
1 1395750
1 1395983
1 1396238
1 1396338
1 1396458
1 1396575
1 1396663
1 1396742
1 1396743
1 1396876
1 1397023
1 1397026
1 1397028
1 1397030
1 1397033
1 1397099
1 1397140
1 1397147
1 1397517
1 1397682
1 1397709
1 1397897
1 1398777
1 1399017
1 1399205
1 1399296
1 1399437
1 1399506
1 1399617
1 1399700
1 1399810
1 1399811
1 1399816
1 1399953
1 1400170
1 1400699
1 1400742
1 1401381
1 1401503
1 1401835
1 1401836
1 1402167
1 1402218
1 1402241
1 1402685
1 1402818
1 1402987
1 1402989
1 1403024
1 1403201
1 1403331
1 1403428
1 1403442
1 1403474
1 1403496
1 1403608
1 1403634
1 1403693
1 1403814
1 1403820
1 1403887
1 1403894
1 1403972
1 1404001
1 1404016
1 1404236
1 1404243
1 1404275
1 1404276
1 1404384
1 1404468
1 1404746
1 1404809
1 1404849
1 1404884
1 1405414
1 1405805
1 1405806
1 1405951
1 1406020
1 1406524
1 1406761
1 1406874
1 1406971
1 1407039
1 1407043
1 1407165
1 1407372
1 1407538
1 1407740
1 1408025
1 1408363
1 1408469
1 1408514
1 1408515
1 1408550
1 1408571
1 1409370
1 1409609
1 1409639
1 1409654
1 1409780
1 1409804
1 1410054
1 1410199
1 1410253
1 1410624
1 1411028
1 1411029
1 1411209
1 1411210
1 1411459
1 1411510
1 1411571
1 1411575
1 1411646
1 1411675
1 1411876
1 1411895
1 1411896
1 1411931
1 1411989
1 1412238
1 1412308
1 1412311
1 1412327
1 1412659
1 1412761
1 1413057
1 1413058
1 1413343
1 1413884
1 1413925
1 1413948
1 1413975
1 1414071
1 1414160
1 1414271
1 1414303
1 1414621
1 1414689
1 1414704
1 1414714
1 1414884
1 1415063
1 1415084
1 1415099
1 1415147
1 1415163
1 1415168
1 1415175
1 1415293
1 1415336
1 1415476
1 1415510
1 1415519
1 1415543
1 1415604
1 1415749
1 1416049
1 1416083
1 1416117
1 1416140
1 1416145
1 1416158
1 1416222
1 1416235
1 1416236
1 1416358
1 1416370
1 1416451
1 1417036
1 1417174
1 1417185
1 1417337
1 1417339
1 1417349
1 1417435
1 1417649
1 1417696
1 1417704
1 1417708
1 1417772
1 1417782
1 1418306
1 1418396
1 1418531
1 1418672
1 1418812
1 1419016
1 1419278
1 1419392
1 1419522
1 1419654
1 1420027
1 1420077
1 1420356
1 1420366
1 1420453
1 1420569
1 1420570
1 1420637
1 1420662
1 1420704
1 1420753
1 1420890
1 1421002
1 1421022
1 1421157
1 1421188
1 1421248
1 1421275
1 1421285
1 1421391
1 1421411
1 1421531
1 1421579
1 1421727
1 1421734
1 1421752
1 1421776
1 1421822
1 1421954
1 1421991
1 1422717
1 1422792
1 1422903
1 1423009
1 1423267
1 1423399
1 1423729
1 1423754
1 1424032
1 1424351
1 1424395
1 1424695
1 1424922
1 1424924
1 1424958
1 1425017
1 1425018
1 1425128
1 1425136
1 1425147
1 1425162
1 1425181
1 1425296
1 1425327
1 1425384
1 1425407
1 1425411
1 1425412
1 1425426
1 1425427
1 1425490
1 1425502
1 1425667
1 1425700
1 1425816
1 1426003
1 1426098
1 1426478
1 1426874
1 1427199
1 1427672
1 1427711
1 1427856
1 1427875
1 1427884
1 1427999
1 1428129
1 1428230
1 1428296
1 1428319
1 1428422
1 1428645
1 1428786
1 1429405
1 1429485
1 1429546
1 1429652
1 1429673
1 1429749
1 1429868
1 1429933
1 1429966
1 1429996
1 1430327
1 1430367
1 1430516
1 1430584
1 1430585
1 1430590
1 1430601
1 1430602
1 1430616
1 1430690
1 1430693
1 1430697
1 1430707
1 1430708
1 1430725
1 1430731
1 1430737
1 1430971
1 1430985
1 1431075
1 1431109
1 1431285
1 1431408
1 1431502
1 1431709
1 1431806
1 1431807
1 1431811
1 1431812
1 1431878
1 1431957
1 1431998
1 1432048
1 1432333
1 1432353
1 1432485
1 1432968
1 1432985
1 1432986
1 1433121
1 1433122
1 1433283
1 1433487
1 1433495
1 1433849
1 1433988
1 1433996
1 1434051
1 1434240
1 1434348
1 1434349
1 1434505
1 1434584
1 1434719
1 1434858
1 1434878
1 1434947
1 1435005
1 1435263
1 1435264
1 1435449
1 1435524
1 1435568
1 1435805
1 1435807
1 1435879
1 1435881
1 1435886
1 1435888
1 1435912
1 1435913
1 1435933
1 1435934
1 1435939
1 1435971
1 1435972
1 1435984
1 1436055
1 1436059
1 1436061
1 1436062
1 1436071
1 1436099
1 1436105
1 1436109
1 1436116
1 1436125
1 1436149
1 1436535
1 1436640
1 1436720
1 1436783
1 1436857
1 1437069
1 1437070
1 1437249
1 1437250
1 1437294
1 1437501
1 1437600
1 1437605
1 1437681
1 1437877
1 1437887
1 1438305
1 1438590
1 1438802
1 1438973
1 1439571
1 1439671
1 1440039
1 1440046
1 1440047
1 1440269
1 1440397
1 1440533
1 1440550
1 1440603
1 1440604
1 1440736
1 1440737
1 1440738
1 1440838
1 1441065
1 1441242
1 1441627
1 1441628
1 1441640
1 1441869
1 1442203
1 1442413
1 1442705
1 1442852
1 1442924
1 1443529
1 1443538
1 1443741
1 1443983
1 1444017
1 1444072
1 1444075
1 1444076
1 1444086
1 1444124
1 1444292
1 1444327
1 1444367
1 1444368
1 1444369
1 1444593
1 1444620
1 1444833
1 1444836
1 1444967
1 1444990
1 1445157
1 1445213
1 1445214
1 1445274
1 1445504
1 1445827
1 1445849
1 1446221
1 1446390
1 1446736
1 1446929
1 1446988
1 1447123
1 1447227
1 1447325
1 1447692
1 1447756
1 1447816
1 1448000
1 1448024
1 1448100
1 1448548
1 1449303
1 1449501
1 1449591
1 1449656
1 1449746
1 1449944
1 1450290
1 1450624
1 1450947
1 1451208
1 1451223
1 1451380
1 1451489
1 1451490
1 1451703
1 1451706
1 1451941
1 1452551
1 1452566
1 1452592
1 1452615
1 1452723
1 1453176
1 1453199
1 1453356
1 1453373
1 1453492
1 1453665
1 1453672
1 1453673
1 1453674
1 1453758
1 1453921
1 1454073
1 1454138
1 1454207
1 1454272
1 1454412
1 1454519
1 1455045
1 1455314
1 1455318
1 1455411
1 1455477
1 1455533
1 1455698
1 1455778
1 1455872
1 1456039
1 1456068
1 1456255
1 1456409
1 1456898
1 1456967
1 1457925
1 1457928
1 1458031
1 1458032
1 1458073
1 1458150
1 1458255
1 1458285
1 1458390
1 1458402
1 1458567
1 1458570
1 1458857
1 1458859
1 1458915
1 1458944
1 1458954
1 1459107
1 1459355
1 1459381
1 1459521
1 1459582
1 1459899
1 1460044
1 1460130
1 1460257
1 1460291
1 1460318
1 1460363
1 1460416
1 1460465
1 1460534
1 1460581
1 1460699
1 1460793
1 1460794
1 1460906
1 1460940
1 1460955
1 1461041
1 1461090
1 1461466
1 1461549
1 1461833
1 1462361
1 1462766
1 1462990
1 1463031
1 1463157
1 1463318
1 1463331
1 1463337
1 1463338
1 1463339
1 1463558
1 1463744
1 1463745
1 1463764
1 1463769
1 1463775
1 1463870
1 1463893
1 1463897
1 1464278
1 1465341
1 1465382
1 1465610
1 1465653
1 1465688
1 1465711
1 1465820
1 1465926
1 1465929
1 1465930
1 1465933
1 1465935
1 1465938
1 1465948
1 1465965
1 1465975
1 1466065
1 1466066
1 1466186
1 1466187
1 1466188
1 1466196
1 1466201
1 1466203
1 1466207
1 1466208
1 1466230
1 1466260
1 1466513
1 1466522
1 1466662
1 1466828
1 1466879
1 1466969
1 1466981
1 1467010
1 1467106
1 1467322
1 1467485
1 1467558
1 1467687
1 1468125
1 1468178
1 1468398
1 1468475
1 1468532
1 1468558
1 1468633
1 1468967
1 1468981
1 1469033
1 1469034
1 1469088
1 1469089
1 1469090
1 1469134
1 1469221
1 1469235
1 1469263
1 1469289
1 1469472
1 1469546
1 1469596
1 1469598
1 1469599
1 1469606
1 1469695
1 1469782
1 1470161
1 1470293
1 1470295
1 1470296
1 1470397
1 1470398
1 1470464
1 1470807
1 1470892
1 1471521
1 1471650
1 1472047
1 1472530
1 1472540
1 1472873
1 1473085
1 1473185
1 1474038
1 1474167
1 1474304
1 1474871
1 1475602
1 1475801
1 1476137
1 1477108
1 1477244
1 1477323
1 1477324
1 1477578
1 1477660
1 1478153
1 1478173
1 1478180
1 1478380
1 1478880
1 1478971
1 1479082
1 1479105
1 1479148
1 1479186
1 1479333
1 1479451
1 1479582
1 1479789
1 1480085
1 1480226
1 1480985
1 1481018
1 1481175
1 1481348
1 1482154
1 1482170
1 1482273
1 1482280
1 1482281
1 1482282
1 1482283
1 1482342
1 1482577
1 1482838
1 1483010
1 1483055
1 1483276
1 1483733
1 1483878
1 1484462
1 1484806
1 1484855
1 1484922
1 1484970
1 1485347
1 1485444
1 1485445
1 1485448
1 1485484
1 1485984
1 1486076
1 1486782
1 1486834
1 1486903
1 1486937
1 1486939
1 1487043
1 1487059
1 1487232
1 1487496
1 1487531
1 1488380
1 1488398
1 1488399
1 1488583
1 1488999
1 1489000
1 1489072
1 1489621
1 1489626
1 1489670
1 1489706
1 1489730
1 1489928
1 1490071
1 1490074
1 1490161
1 1490232
1 1490548
1 1490559
1 1490627
1 1491251
1 1491446
1 1491584
1 1491944
1 1492096
1 1492267
1 1492526
1 1492741
1 1492875
1 1492876
1 1493727
1 1493747
1 1494106
1 1494355
1 1494909
1 1495083
1 1495130
1 1495193
1 1495259
1 1495626
1 1496145
1 1496364
1 1496516
1 1496641
1 1497008
1 1497201
1 1497641
1 1497642
1 1497824
1 1498152
1 1498377
1 1499179
1 1499298
1 1499524
1 1500485
1 1500486
1 1500941
1 1501064
1 1501089
1 1501182
1 1501466
1 1501479
1 1501480
1 1501655
1 1501796
1 1501797
1 1501996
1 1502142
1 1502234
1 1502235
1 1502751
1 1503036
1 1503095
1 1503099
1 1503249
1 1503280
1 1503650
1 1503808
1 1503928
1 1504560
1 1504671
1 1505041
1 1505215
1 1505216
1 1505255
1 1505674
1 1505675
1 1505967
1 1506035
1 1506118
1 1506184
1 1506814
1 1507162
1 1507174
1 1507329
1 1507366
1 1507665
1 1507912
1 1508257
1 1508258
1 1508331
1 1508459
1 1508645
1 1508646
1 1508742
1 1508809
1 1508810
1 1508819
1 1508823
1 1509034
1 1509156
1 1509412
1 1509413
1 1509825
1 1510035
1 1510036
1 1510724
1 1510801
1 1511104
1 1511244
1 1511315
1 1511837
1 1511878
1 1511879
1 1511984
1 1512075
1 1512885
1 1513089
1 1513117
1 1513283
1 1513286
1 1513564
1 1513693
1 1513721
1 1513752
1 1514014
1 1514095
1 1514098
1 1514183
1 1514259
1 1514376
1 1514378
1 1514386
1 1514495
1 1514572
1 1514683
1 1514704
1 1514761
1 1514790
1 1514791
1 1514836
1 1514880
1 1514964
1 1515097
1 1515690
1 1515897
1 1515901
1 1515948
1 1516009
1 1516011
1 1516016
1 1516025
1 1516099
1 1516170
1 1516181
1 1516251
1 1516270
1 1516668
1 1517618
1 1517936
1 1518246
1 1518249
1 1518372
1 1518826
1 1518869
1 1518907
1 1518971
1 1519068
1 1519205
1 1519647
1 1519700
1 1519701
1 1519892
1 1519921
1 1520473
1 1520553
1 1520670
1 1520671
1 1520725
1 1520752
1 1520874
1 1520969
1 1521027
1 1521028
1 1521097
1 1521280
1 1521356
1 1521371
1 1521595
1 1521805
1 1521937
1 1522006
1 1522016
1 1522025
1 1522059
1 1522079
1 1522083
1 1522178
1 1522179
1 1522336
1 1522342
1 1522367
1 1522444
1 1522462
1 1522548
1 1522602
1 1522603
1 1522732
1 1522777
1 1522793
1 1522823
1 1522927
1 1522992
1 1522993
1 1523134
1 1523275
1 1523439
1 1523521
1 1523522
1 1523600
1 1523601
1 1523831
1 1524081
1 1524260
1 1524416
1 1524437
1 1524531
1 1524798
1 1524871
1 1524875
1 1524876
1 1524998
1 1525175
1 1525249
1 1525404
1 1525437
1 1525624
1 1526022
1 1526062
1 1526146
1 1526165
1 1526172
1 1526173
1 1526191
1 1526192
1 1526194
1 1526231
1 1526270
1 1526668
1 1526799
1 1527083
1 1527898
1 1527952
1 1528271
1 1528344
1 1528654
1 1528655
1 1529000
1 1529112
1 1529457
1 1529511
1 1529657
1 1529950
1 1529979
1 1529994
1 1529998
1 1530197
1 1530200
1 1530264
1 1530375
1 1530387
1 1530408
1 1530494
1 1530495
1 1530694
1 1530695
1 1530746
1 1530764
1 1531082
1 1531120
1 1531152
1 1531153
1 1531276
1 1531336
1 1531524
1 1531525
1 1531542
1 1531543
1 1531642
1 1531824
1 1531825
1 1531829
1 1531909
1 1531970
1 1531971
1 1532262
1 1532279
1 1532333
1 1532387
1 1532508
1 1532550
1 1532842
1 1533141
1 1533479
1 1533636
1 1533723
1 1533724
1 1533757
1 1534322
1 1534323
1 1534578
1 1534614
1 1534710
1 1535585
1 1535700
1 1535759
1 1535816
1 1535891
1 1535971
1 1536026
1 1536040
1 1536367
1 1536994
1 1537176
1 1537437
1 1537838
1 1537839
1 1537887
1 1538046
1 1538518
1 1538593
1 1539369
1 1539582
1 1539649
1 1539812
1 1539954
1 1540109
1 1540727
1 1540767
1 1540768
1 1541399
1 1541797
1 1541932
1 1542186
1 1542204
1 1542721
1 1542722
1 1543010
1 1543311
1 1543469
1 1543592
1 1543593
1 1543624
1 1543764
1 1543923
1 1543983
1 1544303
1 1544438
1 1544447
1 1544450
1 1544498
1 1544890
1 1545270
1 1545289
1 1545746
1 1545921
1 1546170
1 1546171
1 1546304
1 1546628
1 1546629
1 1546949
1 1546950
1 1546951
1 1547054
1 1547250
1 1547566
1 1547942
1 1548247
1 1548470
1 1548581
1 1548672
1 1548673
1 1548702
1 1548710
1 1548801
1 1548896
1 1549149
1 1549354
1 1549438
1 1549439
1 1549443
1 1549444
1 1549605
1 1549720
1 1549750
1 1549911
1 1550395
1 1550396
1 1550702
1 1550745
1 1551249
1 1551428
1 1551830
1 1551927
1 1552034
1 1552097
1 1552574
1 1552755
1 1553031
1 1553498
1 1553561
1 1553593
1 1553668
1 1553670
1 1553795
1 1554172
1 1554362
1 1554529
1 1555366
1 1555396
1 1555641
1 1555718
1 1555989
1 1556732
1 1556883
1 1556884
1 1556916
1 1557181
1 1557644
1 1557675
1 1557762
1 1557890
1 1558280
1 1558404
1 1558541
1 1558792
1 1559209
1 1559227
1 1559393
1 1559466
1 1559585
1 1559593
1 1559703
1 1559704
1 1559971
1 1560100
1 1560103
1 1560135
1 1560844
1 1560858
1 1561185
1 1561331
1 1561341
1 1561372
1 1562437
1 1562536
1 1562702
1 1562893
1 1562895
1 1562903
1 1563100
1 1563105
1 1563219
1 1563220
1 1563260
1 1563271
1 1563401
1 1563789
1 1564194
1 1564712
1 1564858
1 1564952
1 1564953
1 1565360
1 1565422
1 1565605
1 1565606
1 1565942
1 1565972
1 1566101
1 1566160
1 1566177
1 1566720
1 1566991
1 1567049
1 1567089
1 1567171
1 1567206
1 1567290
1 1567517
1 1567762
1 1570039
1 1570660
1 1571640
1 1571802
1 1572035
1 1572125
1 1572724
1 1572939
1 1572944
1 1572968
1 1573078
1 1574019
1 1574241
1 1574709
1 1574778
1 1575043
1 1575046
1 1575468
1 1575616
1 1575785
1 1576622
1 1576636
1 1578545
1 1578602
1 1579178
1 1580248
1 1580524
1 1580738
1 1580784
1 1581195
1 1581259
1 1581319
1 1581586
1 1581699
1 1581713
1 1581734
1 1581889
1 1581890
1 1581941
1 1582202
1 1582484
1 1582540
1 1582541
1 1582609
1 1583243
1 1583654
1 1583751
1 1583878
1 1583879
1 1583934
1 1584102
1 1584117
1 1584192
1 1584218
1 1584224
1 1584289
1 1584300
1 1584514
1 1584558
1 1584593
1 1584842
1 1584918
1 1585056
1 1585257
1 1585313
1 1585314
1 1585317
1 1585347
1 1585388
1 1585597
1 1585642
1 1586117
1 1586402
1 1586646
1 1586647
1 1586752
1 1587315
1 1587340
1 1588182
1 1588233
1 1588454
1 1588531
1 1588535
1 1588543
1 1589044
1 1589597
1 1590291
1 1590327
1 1590426
1 1590521
1 1590526
1 1590575
1 1590681
1 1590941
1 1591869
1 1591895
1 1592006
1 1592144
1 1592267
1 1592296
1 1592340
1 1592630
1 1592638
1 1592881
1 1593857
1 1594199
1 1594315
1 1594367
1 1594746
1 1594771
1 1594841
1 1594902
1 1594932
1 1594952
1 1595181
1 1595198
1 1595400
1 1595867
1 1596196
1 1596304
1 1596500
1 1596974
1 1597020
1 1597885
1 1598432
1 1598433
1 1598434
1 1598485
1 1598572
1 1598573
1 1598580
1 1598863
1 1599161
1 1599361
1 1599377
1 1599387
1 1599547
1 1599981
1 1600016
1 1600156
1 1600160
1 1601015
1 1601052
1 1601145
1 1601862
1 1601863
1 1602536
1 1602587
1 1602781
1 1602787
1 1602853
1 1603163
1 1603236
1 1603434
1 1603454
1 1603563
1 1603594
1 1604267
1 1604499
1 1604537
1 1604695
1 1604972
1 1605033
1 1605144
1 1605257
1 1605407
1 1605408
1 1605889
1 1606087
1 1606159
1 1606160
1 1606287
1 1606307
1 1606360
1 1606530
1 1606571
1 1607178
1 1607187
1 1608185
1 1608229
1 1609070
1 1609074
1 1609146
1 1609159
1 1609165
1 1609168
1 1609707
1 1609874
1 1610094
1 1610380
1 1610480
1 1610524
1 1610539
1 1610809
1 1610819
1 1610843
1 1610948
1 1611032
1 1611175
1 1611298
1 1611432
1 1611498
1 1611578
1 1611597
1 1611653
1 1611693
1 1611995
1 1612026
1 1612111
1 1612328
1 1612540
1 1612603
1 1612635
1 1612809
1 1613367
1 1613379
1 1614156
1 1614341
1 1614908
1 1615348
1 1615705
1 1615747
1 1615776
1 1615996
1 1616058
1 1616256
1 1616547
1 1616548
1 1616844
1 1616990
1 1617443
1 1617456
1 1617483
1 1617484
1 1617586
1 1617760
1 1617766
1 1618144
1 1618321
1 1618500
1 1618592
1 1618598
1 1618675
1 1618769
1 1618960
1 1619082
1 1619249
1 1619541
1 1619767
1 1619848
1 1620009
1 1620025
1 1620058
1 1620059
1 1620086
1 1620660
1 1620845
1 1620851
1 1620860
1 1620885
1 1620904
1 1621747
1 1621748
1 1622285
1 1623974
1 1623975
1 1624289
1 1624339
1 1624342
1 1624396
1 1624611
1 1625280
1 1625548
1 1625606
1 1626426
1 1626444
1 1626445
1 1626665
1 1627556
1 1627653
1 1627805
1 1628197
1 1628447
1 1628574
1 1628711
1 1628906
1 1629109
1 1629635
1 1630751
1 1630752
1 1633004
1 1633007
1 1634137
1 1634142
1 1634881
1 1634894
1 1635004
1 1635011
1 1635108
1 1635193
1 1635407
1 1635421
1 1635565
1 1635617
1 1635619
1 1635749
1 1635928
1 1635943
1 1635979
1 1636044
1 1636112
1 1636155
1 1636202
1 1636209
1 1636274
1 1636400
1 1636559
1 1636637
1 1636994
1 1637030
1 1637238
1 1637255
1 1637282
1 1637295
1 1637306
1 1637460
1 1637466
1 1637506
1 1637507
1 1637580
1 1637649
1 1637722
1 1637791
1 1637910
1 1637927
1 1638005
1 1638187
1 1638332
1 1638337
1 1638402
1 1638440
1 1638529
1 1638583
1 1638780
1 1638925
1 1638994
1 1639046
1 1639062
1 1639073
1 1639153
1 1639155
1 1639183
1 1639240
1 1639241
1 1639440
1 1639490
1 1639497
1 1639534
1 1639570
1 1639612
1 1639702
1 1639801
1 1639832
1 1639913
1 1639925
1 1639960
1 1639990
1 1640004
1 1640167
1 1640176
1 1640177
1 1640209
1 1640390
1 1641755
1 1642134
1 1642135
1 1643423
1 1643740
1 1643910
1 1643954
1 1644281
1 1644312
1 1644351
1 1644457
1 1644572
1 1644595
1 1644596
1 1644604
1 1644790
1 1644908
1 1645093
1 1645113
1 1645115
1 1645190
1 1645366
1 1645399
1 1645434
1 1645511
1 1645962
1 1646000
1 1646006
1 1646074
1 1646077
1 1646113
1 1646159
1 1646246
1 1646371
1 1646426
1 1646427
1 1646450
1 1646574
1 1646657
1 1646789
1 1646980
1 1647224
1 1647277
1 1647299
1 1647301
1 1647451
1 1647524
1 1647528
1 1647536
1 1647649
1 1647676
1 1647686
1 1647928
1 1648027
1 1648114
1 1648149
1 1648208
1 1648235
1 1648339
1 1648405
1 1648489
1 1648506
1 1648624
1 1648815
1 1648816
1 1648946
1 1649047
1 1649094
1 1649095
1 1649188
1 1649189
1 1649392
1 1649479
1 1649620
1 1649639
1 1649740
1 1649750
1 1649752
1 1650032
1 1650033
1 1650044
1 1650050
1 1650077
1 1650102
1 1650120
1 1650200
1 1650225
1 1650263
1 1650370
1 1650410
1 1650628
1 1650807
1 1650845
1 1650969
1 1651077
1 1651179
1 1651266
1 1651335
1 1651449
1 1651622
1 1651631
1 1651727
1 1651748
1 1651815
1 1651901
1 1651911
1 1651937
1 1651962
1 1651987
1 1652135
1 1652226
1 1652298
1 1652564
1 1652636
1 1652637
1 1652740
1 1652775
1 1653004
1 1653028
1 1653303
1 1653332
1 1653333
1 1653361
1 1653414
1 1653799
1 1653851
1 1653885
1 1654004
1 1654013
1 1654064
1 1654065
1 1654066
1 1654379
1 1654380
1 1654441
1 1655474
1 1655799
1 1655821
1 1655867
1 1655928
1 1655982
1 1656100
1 1656101
1 1656544
1 1656778
1 1657184
1 1657492
1 1657545
1 1657546
1 1657565
1 1657579
1 1657601
1 1657602
1 1657668
1 1657736
1 1658082
1 1658088
1 1658093
1 1658130
1 1658301
1 1658343
1 1658498
1 1658766
1 1658882
1 1659713
1 1660043
1 1660110
1 1660282
1 1660635
1 1660641
1 1660726
1 1660842
1 1660978
1 1661040
1 1661065
1 1661070
1 1661087
1 1661109
1 1661111
1 1661190
1 1661360
1 1661506
1 1661507
1 1661529
1 1661538
1 1661704
1 1661844
1 1662315
1 1662428
1 1662532
1 1662814
1 1662895
1 1663343
1 1663344
1 1663402
1 1663452
1 1663605
1 1663831
1 1663851
1 1663861
1 1664018
1 1664019
1 1664124
1 1664271
1 1664794
1 1664954
1 1665015
1 1665400
1 1665571
1 1665613
1 1665702
1 1665740
1 1665747
1 1666338
1 1666342
1 1666447
1 1666526
1 1666615
1 1666725
1 1666809
1 1667151
1 1667253
1 1667315
1 1667323
1 1667371
1 1667379
1 1667419
1 1667754
1 1667755
1 1667811
1 1667892
1 1667911
1 1668037
1 1668168
1 1668943
1 1669142
1 1669143
1 1669228
1 1669646
1 1669647
1 1669726
1 1669734
1 1669740
1 1669748
1 1669964
1 1670036
1 1670045
1 1670290
1 1670554
1 1671322
1 1671435
1 1671456
1 1671520
1 1671546
1 1671599
1 1671782
1 1671866
1 1671950
1 1672142
1 1672308
1 1672411
1 1672530
1 1672531
1 1672613
1 1672614
1 1672715
1 1672912
1 1672936
1 1673172
1 1673519
1 1673558
1 1673559
1 1673818
1 1673871
1 1673872
1 1673883
1 1673907
1 1673909
1 1674026
1 1674111
1 1674294
1 1674677
1 1674767
1 1675004
1 1675005
1 1675025
1 1675041
1 1675151
1 1675153
1 1675170
1 1675384
1 1675938
1 1676091
1 1676286
1 1676287
1 1677614
1 1677615
1 1677924
1 1677961
1 1677962
1 1678680
1 1678911
1 1679129
1 1679276
1 1679813
1 1679946
1 1680036
1 1680219
1 1680374
1 1680375
1 1680442
1 1680521
1 1680613
1 1680951
1 1681265
1 1681602
1 1681665
1 1681719
1 1681851
1 1681867
1 1681879
1 1683248
1 1683286
1 1683420
1 1683565
1 1683900
1 1684063
1 1684169
1 1684472
1 1684617
1 1684758
1 1684773
1 1684800
1 1684879
1 1685213
1 1685921
1 1685922
1 1685959
1 1686040
1 1686081
1 1686511
1 1686519
1 1686531
1 1686769
1 1686943
1 1686958
1 1686962
1 1687152
1 1687266
1 1687284
1 1687482
1 1687625
1 1687791
1 1687828
1 1688192
1 1688384
1 1688469
1 1688513
1 1688579
1 1689164
1 1689225
1 1689762
1 1690126
1 1690130
1 1690443
1 1690544
1 1690793
1 1690890
1 1691050
1 1691840
1 1692046
1 1692187
1 1692321
1 1692989
1 1693193
1 1693301
1 1693726
1 1694103
1 1694196
1 1694197
1 1694251
1 1695073
1 1695074
1 1695381
1 1695462
1 1695574
1 1695742
1 1695831
1 1696326
1 1696334
1 1696411
1 1696433
1 1696659
1 1697185
1 1698092
1 1698107
1 1698158
1 1698807
1 1698876
1 1699201
1 1699554
1 1699769
1 1699770
1 1700631
1 1700847
1 1700940
1 1701408
1 1701409
1 1702436
1 1702480
1 1702494
1 1702514
1 1702530
1 1703225
1 1703241
1 1703303
1 1703412
1 1703599
1 1703849
1 1703865
1 1704480
1 1704481
1 1704654
1 1704795
1 1704796
1 1704826
1 1704899
1 1704915
1 1705287
1 1705604
1 1705613
1 1705747
1 1705773
1 1705945
1 1706136
1 1706160
1 1706735
1 1706886
1 1707435
1 1707669
1 1707740
1 1707900
1 1707901
1 1708209
1 1708801
1 1709119
1 1709634
1 1709997
1 1710035
1 1710950
1 1711079
1 1711402
1 1711414
1 1711716
1 1712078
1 1712113
1 1712230
1 1712428
1 1713348
1 1713714
1 1713869
1 1714345
1 1714485
1 1714683
1 1715011
1 1715024
1 1715365
1 1715415
1 1715467
1 1715468
1 1716414
1 1716418
1 1716421
1 1717848
1 1717899
1 1718642
1 1719079
1 1720212
1 1720281
1 1720997
1 1721044
1 1721281
1 1721479
1 1721513
1 1722048
1 1722611
1 1722828
1 1722932
1 1723031
1 1723264
1 1724366
1 1724719
1 1725016
1 1725076
1 1725261
1 1725489
1 1725626
1 1725760
1 1725872
1 1725883
1 1726673
1 1726827
1 1727190
1 1727391
1 1727513
1 1728687
1 1728738
1 1728969
1 1728990
1 1729014
1 1729984
1 1730172
1 1730410
1 1730413
1 1731114
1 1732191
1 1732381
1 1732627
1 1733219
1 1733960
1 1734337
1 1734847
1 1734970
1 1735103
1 1736653
1 1736855
1 1737152
1 1737319
1 1737895
1 1737900
1 1738371
1 1738670
1 1738728
1 1738740
1 1738902
1 1738903
1 1739066
1 1739443
1 1739823
1 1739824
1 1740047
1 1740149
1 1740255
1 1740330
1 1740403
1 1740628
1 1740629
1 1740976
1 1741516
1 1741525
1 1741553
1 1741647
1 1742106
1 1742107
1 1742321
1 1742472
1 1742521
1 1742523
1 1742678
1 1742975
1 1743213
1 1743324
1 1743477
1 1743642
1 1743832
1 1743833
1 1743858
1 1744107
1 1744137
1 1744401
1 1744743
1 1744833
1 1744890
1 1745073
1 1745184
1 1745726
1 1745847
1 1745848
1 1745850
1 1746116
1 1746156
1 1746253
1 1746254
1 1746409
1 1746411
1 1746443
1 1746450
1 1746475
1 1746504
1 1746533
1 1746608
1 1746694
1 1747376
1 1747377
1 1747424
1 1747681
1 1748199
1 1748608
1 1748716
1 1748734
1 1749202
1 1749744
1 1749745
1 1750100
1 1750102
1 1750200
1 1750737
1 1750796
1 1751144
1 1751145
1 1751264
1 1751267
1 1751553
1 1751686
1 1751688
1 1751776
1 1751787
1 1751788
1 1752955
1 1752957
1 1753139
1 1753364
1 1753681
1 1753686
1 1753739
1 1753740
1 1753791
1 1754009
1 1754045
1 1754186
1 1754398
1 1754438
1 1754457
1 1754813
1 1755257
1 1755259
1 1755377
1 1756459
1 1757221
1 1757337
1 1758566
1 1758684
1 1759026
1 1759054
1 1759142
1 1759213
1 1759747
1 1760272
1 1760727
1 1760989
1 1761145
1 1761336
1 1761694
1 1761730
1 1762005
1 1762014
1 1762174
1 1762238
1 1762517
1 1762698
1 1762757
1 1762776
1 1762806
1 1763696
1 1763774
1 1763926
1 1763927
1 1764635
1 1765583
1 1766094
1 1766183
1 1766359
1 1766856
1 1767272
1 1767565
1 1767826
1 1767827
1 1768621
1 1768622
1 1768660
1 1768779
1 1768810
1 1768894
1 1769172
1 1769350
1 1769888
1 1770058
1 1770178
1 1770381
1 1770429
1 1770699
1 1770737
1 1770788
1 1770789
1 1770947
1 1770958
1 1771102
1 1771284
1 1771482
1 1771716
1 1772410
1 1772488
1 1772735
1 1773652
1 1773660
1 1773665
1 1773674
1 1773676
1 1773772
1 1773842
1 1773992
1 1774777
1 1774820
1 1775175
1 1775425
1 1775830
1 1775831
1 1776037
1 1776269
1 1776320
1 1776335
1 1776740
1 1776885
1 1777077
1 1777261
1 1777262
1 1778007
1 1778090
1 1778181
1 1778469
1 1778732
1 1779036
1 1779176
1 1779476
1 1779660
1 1780450
1 1780878
1 1780994
1 1781220
1 1781345
1 1781431
1 1781456
1 1782305
1 1782565
1 1782620
1 1782775
1 1782853
1 1782854
1 1783201
1 1783220
1 1783438
1 1783576
1 1783584
1 1783595
1 1783690
1 1783694
1 1783825
1 1783866
1 1786172
1 1786315
1 1786577
1 1786597
1 1786598
1 1786684
1 1786760
1 1786878
1 1786945
1 1787378
1 1787804
1 1788685
1 1788689
1 1788744
1 1789688
1 1790267
1 1791213
1 1791222
1 1791226
1 1791495
1 1791496
1 1792157
1 1792215
1 1792406
1 1792495
1 1792669
1 1792917
1 1793003
1 1793071
1 1793111
1 1793212
1 1793521
1 1793628
1 1793692
1 1793786
1 1793844
1 1794062
1 1795131
1 1795317
1 1795487
1 1795789
1 1795909
1 1796126
1 1796424
1 1796616
1 1796706
1 1796717
1 1796728
1 1796792
1 1797390
1 1797571
1 1797947
1 1798074
1 1798567
1 1799700
1 1799885
1 1799953
1 1800168
1 1800364
1 1800624
1 1801034
1 1802172
1 1802649
1 1802665
1 1803228
1 1803391
1 1803780
1 1804302
1 1804426
1 1804779
1 1805391
1 1805774
1 1805858
1 1806295
1 1806306
1 1806647
1 1806706
1 1807276
1 1807277
1 1807285
1 1807322
1 1807328
1 1807723
1 1808379
1 1808502
1 1808769
1 1808904
1 1809123
1 1809509
1 1809654
1 1810090
1 1810783
1 1810927
1 1810931
1 1811006
1 1811121
1 1811630
1 1811942
1 1812033
1 1812035
1 1812328
1 1812365
1 1812366
1 1812445
1 1812446
1 1812504
1 1812521
1 1812688
1 1812828
1 1812867
1 1812991
1 1813085
1 1813237
1 1813363
1 1813423
1 1813888
1 1813995
1 1814354
1 1815350
1 1815622
1 1816050
1 1816735
1 1816778
1 1816883
1 1816884
1 1816962
1 1817027
1 1817170
1 1818129
1 1818239
1 1818246
1 1818269
1 1818291
1 1818645
1 1818800
1 1819378
1 1819760
1 1819821
1 1820095
1 1820106
1 1820695
1 1820696
1 1821098
1 1821099
1 1821625
1 1821911
1 1822209
1 1822814
1 1822883
1 1822884
1 1822889
1 1823093
1 1823366
1 1823524
1 1823922
1 1824369
1 1827212
1 1827256
1 1827319
1 1827835
1 1827836
1 1828132
1 1828156
1 1828157
1 1828354
1 1828488
1 1828492
1 1828564
1 1828627
1 1828764
1 1828809
1 1828849
1 1829121
1 1829122
1 1829134
1 1829137
1 1829424
1 1829482
1 1829775
1 1829812
1 1830106
1 1830151
1 1830333
1 1830627
1 1830957
1 1831012
1 1831178
1 1831179
1 1831258
1 1831600
1 1832068
1 1832091
1 1832166
1 1832248
1 1832357
1 1832628
1 1832629
1 1832701
1 1832825
1 1832883
1 1833188
1 1833482
1 1833495
1 1833507
1 1833757
1 1833878
1 1833920
1 1834118
1 1834358
1 1834681
1 1834748
1 1834987
1 1835016
1 1835042
1 1835056
1 1835405
1 1836686
1 1836972
1 1836973
1 1837025
1 1837878
1 1837976
1 1838173
1 1838310
1 1838374
1 1838516
1 1838638
1 1839059
1 1839252
1 1839440
1 1839885
1 1840038
1 1840514
1 1840606
1 1840673
1 1840677
1 1841069
1 1841070
1 1841728
1 1841808
1 1841815
1 1841919
1 1842631
1 1843239
1 1843539
1 1843579
1 1844046
1 1844422
1 1844693
1 1844697
1 1844943
1 1844944
1 1845082
1 1845358
1 1845784
1 1845843
1 1845860
1 1846073
1 1846357
1 1846461
1 1846582
1 1846765
1 1847531
1 1847656
1 1847804
1 1847856
1 1847979
1 1848017
1 1848109
1 1848121
1 1848160
1 1848225
1 1848734
1 1848832
1 1848938
1 1849529
1 1849530
1 1849744
1 1849923
1 1850136
1 1850428
1 1850627
1 1850628
1 1850896
1 1850914
1 1850974
1 1850998
1 1851185
1 1851188
1 1851212
1 1851936
1 1852134
1 1852484
1 1852772
1 1853184
1 1853288
1 1853384
1 1853394
1 1853588
1 1853615
1 1853863
1 1853921
1 1854109
1 1854321
1 1854546
1 1854579
1 1854717
1 1855319
1 1855450
1 1855662
1 1855703
1 1855704
1 1855708
1 1856098
1 1856227
1 1856370
1 1856460
1 1856501
1 1856514
1 1856540
1 1856551
1 1856628
1 1856672
1 1856700
1 1856720
1 1856728
1 1856729
1 1856746
1 1856793
1 1856917
1 1857040
1 1857102
1 1857211
1 1857896
1 1858071
1 1858161
1 1858309
1 1858818
1 1859131
1 1859176
1 1859296
1 1859456
1 1859558
1 1859690
1 1860087
1 1860141
1 1860745
1 1860997
1 1861121
1 1861126
1 1861152
1 1861222
1 1861343
1 1861376
1 1861441
1 1861582
1 1861894
1 1862025
1 1862329
1 1862675
1 1862913
1 1862958
1 1863019
1 1863020
1 1863026
1 1863057
1 1863405
1 1863651
1 1863652
1 1863663
1 1863760
1 1863835
1 1863836
1 1864125
1 1864526
1 1864834
1 1865079
1 1865264
1 1865293
1 1865298
1 1865752
1 1865822
1 1865823
1 1865978
1 1866004
1 1866173
1 1866249
1 1866335
1 1866346
1 1866376
1 1866537
1 1866544
1 1866605
1 1866613
1 1866639
1 1866692
1 1866705
1 1866708
1 1866721
1 1866734
1 1866739
1 1866845
1 1866866
1 1866867
1 1866934
1 1866935
1 1866975
1 1867023
1 1867306
1 1867377
1 1867426
1 1867516
1 1867656
1 1868066
1 1868345
1 1868485
1 1868712
1 1869241
1 1869280
1 1869281
1 1869285
1 1869334
1 1869493
1 1869494
1 1869660
1 1869661
1 1869698
1 1869724
1 1869771
1 1869906
1 1870210
1 1870269
1 1870535
1 1870600
1 1870601
1 1870664
1 1870761
1 1871337
1 1871417
1 1871979
1 1872412
1 1872475
1 1872578
1 1873411
1 1873453
1 1873514
1 1873525
1 1873625
1 1873697
1 1873699
1 1874114
1 1874326
1 1874340
1 1874581
1 1874716
1 1874837
1 1874842
1 1874926
1 1874959
1 1875100
1 1875145
1 1875267
1 1875432
1 1875513
1 1875530
1 1875621
1 1875655
1 1875858
1 1875859
1 1876015
1 1876114
1 1876308
1 1876560
1 1876824
1 1877139
1 1877238
1 1877352
1 1877414
1 1877415
1 1877452
1 1877497
1 1877903
1 1878071
1 1878120
1 1878151
1 1878331
1 1878334
1 1878628
1 1878662
1 1878764
1 1878926
1 1879084
1 1879087
1 1879242
1 1879476
1 1879523
1 1879560
1 1879563
1 1879601
1 1879739
1 1879851
1 1879954
1 1879958
1 1880033
1 1880172
1 1880185
1 1880284
1 1880313
1 1880314
1 1880373
1 1880381
1 1880382
1 1880548
1 1880549
1 1880564
1 1880687
1 1880744
1 1880928
1 1880929
1 1881003
1 1881019
1 1881070
1 1881085
1 1881222
1 1881361
1 1881510
1 1881578
1 1881732
1 1881738
1 1881775
1 1881894
1 1881996
1 1882069
1 1882287
1 1882352
1 1882381
1 1882437
1 1882480
1 1882545
1 1882745
1 1882790
1 1882937
1 1882949
1 1882960
1 1883081
1 1883092
1 1883304
1 1883359
1 1883385
1 1883450
1 1883503
1 1883535
1 1883672
1 1883782
1 1883785
1 1883791
1 1883792
1 1884029
1 1884055
1 1884102
1 1884411
1 1884735
1 1884736
1 1884880
1 1885055
1 1885615
1 1885639
1 1885769
1 1885781
1 1886115
1 1886204
1 1886220
1 1886222
1 1886244
1 1886251
1 1886345
1 1886346
1 1886352
1 1886385
1 1886474
1 1886519
1 1886756
1 1886859
1 1886863
1 1886888
1 1887019
1 1887091
1 1887092
1 1887111
1 1887112
1 1887245
1 1887300
1 1887787
1 1888193
1 1888330
1 1888369
1 1888453
1 1888682
1 1889016
1 1889025
1 1889075
1 1889199
1 1889211
1 1889212
1 1889356
1 1889500
1 1889792
1 1890289
1 1890942
1 1891034
1 1891156
1 1891263
1 1891477
1 1891486
1 1892043
1 1892048
1 1892207
1 1892325
1 1892607
1 1892652
1 1892655
1 1892988
1 1893071
1 1893399
1 1893504
1 1893661
1 1893714
1 1893915
1 1893916
1 1894284
1 1894338
1 1894604
1 1894677
1 1894745
1 1894751
1 1894845
1 1894972
1 1894977
1 1895058
1 1895177
1 1895540
1 1895557
1 1895991
1 1896102
1 1896144
1 1896185
1 1896223
1 1896333
1 1896440
1 1896553
1 1896689
1 1897006
1 1897291
1 1897469
1 1897591
1 1897738
1 1897753
1 1897889
1 1897960
1 1898045
1 1898251
1 1898349
1 1898369
1 1898685
1 1898764
1 1898777
1 1898779
1 1898797
1 1898828
1 1898835
1 1898859
1 1898934
1 1898938
1 1898975
1 1899164
1 1899279
1 1899319
1 1899400
1 1899421
1 1899451
1 1899452
1 1899489
1 1899490
1 1899542
1 1899569
1 1899570
1 1899766
1 1899861
1 1899929
1 1899959
1 1900018
1 1900024
1 1900025
1 1900106
1 1900186
1 1900232
1 1900308
1 1900332
1 1900339
1 1900350
1 1900375
1 1900376
1 1900401
1 1900408
1 1900410
1 1900414
1 1900432
1 1900445
1 1900454
1 1900569
1 1900903
1 1900904
1 1900918
1 1900937
1 1901424
1 1901453
1 1901473
1 1901568
1 1901569
1 1901753
1 1901945
1 1902311
1 1902340
1 1902356
1 1902366
1 1902368
1 1902369
1 1902440
1 1902466
1 1902505
1 1902548
1 1902549
1 1902562
1 1902565
1 1902566
1 1902609
1 1902622
1 1902659
1 1902667
1 1902672
1 1902673
1 1902681
1 1902716
1 1902717
1 1902718
1 1902770
1 1902830
1 1902838
1 1902873
1 1902906
1 1902935
1 1903214
1 1903303
1 1903357
1 1903366
1 1903373
1 1903408
1 1903659
1 1903660
1 1903712
1 1903892
1 1904156
1 1904209
1 1904767
1 1904791
1 1904830
1 1904910
1 1905131
1 1905306
1 1905372
1 1905395
1 1905406
1 1905565
1 1905790
1 1906078
1 1906140
1 1906588
1 1907096
1 1907224
1 1907263
1 1907383
1 1907597
1 1907739
1 1907905
1 1907912
1 1908005
1 1908012
1 1908039
1 1908083
1 1908085
1 1908100
1 1908138
1 1908148
1 1908217
1 1908242
1 1908273
1 1908294
1 1908309
1 1908385
1 1908429
1 1908703
1 1909141
1 1909204
1 1909318
1 1909445
1 1909494
1 1909553
1 1909680
1 1909701
1 1909733
1 1909843
1 1909854
1 1909868
1 1909969
1 1910001
1 1910012
1 1910086
1 1910236
1 1910270
1 1910371
1 1910606
1 1910698
1 1910703
1 1910746
1 1910796
1 1910941
1 1911001
1 1911007
1 1911060
1 1911120
1 1911147
1 1911239
1 1911243
1 1911246
1 1911319
1 1911326
1 1911350
1 1911367
1 1911378
1 1911499
1 1911533
1 1911631
1 1911938
1 1911968
1 1912181
1 1912392
1 1912485
1 1912497
1 1912501
1 1912583
1 1912594
1 1912730
1 1912734
1 1912758
1 1912843
1 1912998
1 1913002
1 1913011
1 1913192
1 1913259
1 1913396
1 1913563
1 1914124
1 1914265
1 1914389
1 1914487
1 1914605
1 1914609
1 1914946
1 1915330
1 1915362
1 1915395
1 1915396
1 1915428
1 1915440
1 1915443
1 1915739
1 1915740
1 1916001
1 1916025
1 1916034
1 1916040
1 1916298
1 1916529
1 1916587
1 1916782
1 1916806
1 1916890
1 1916959
1 1917058
1 1917143
1 1917446
1 1917449
1 1917472
1 1917615
1 1917650
1 1917667
1 1917739
1 1917829
1 1917871
1 1917908
1 1918003
1 1918191
1 1918296
1 1918344
1 1918488
1 1918535
1 1918584
1 1918595
1 1918765
1 1918804
1 1918986
1 1919141
1 1919318
1 1919325
1 1919703
1 1920269
1 1920752
1 1920917
1 1920930
1 1920931
1 1920962
1 1920995
1 1921242
1 1921318
1 1921379
1 1921466
1 1921468
1 1921626
1 1921774
1 1921808
1 1922303
1 1922458
1 1922555
1 1922652
1 1922834
1 1922907
1 1922966
1 1923028
1 1923129
1 1923200
1 1923204
1 1923206
1 1923217
1 1923245
1 1923261
1 1923274
1 1923280
1 1923289
1 1923291
1 1923294
1 1923295
1 1923306
1 1923340
1 1923351
1 1923352
1 1923395
1 1923436
1 1923478
1 1923507
1 1923558
1 1923560
1 1923665
1 1923681
1 1923974
1 1924062
1 1924203
1 1924205
1 1924406
1 1924546
1 1924547
1 1924626
1 1924785
1 1924791
1 1924809
1 1924887
1 1924972
1 1925070
1 1925176
1 1925177
1 1925178
1 1925290
1 1925293
1 1925326
1 1925337
1 1925338
1 1925408
1 1925464
1 1925613
1 1925721
1 1925996
1 1926087
1 1926102
1 1926278
1 1926518
1 1926646
1 1926801
1 1926939
1 1926940
1 1927220
1 1927264
1 1927295
1 1927462
1 1928150
1 1928588
1 1928599
1 1928729
1 1929407
1 1929488
1 1929666
1 1929834
1 1929859
1 1929877
1 1930003
1 1930040
1 1930094
1 1930157
1 1930378
1 1930391
1 1930512
1 1930553
1 1930754
1 1930805
1 1930943
1 1930972
1 1930981
1 1931195
1 1931299
1 1931401
1 1931496
1 1931529
1 1931838
1 1932181
1 1932467
1 1933008
1 1933035
1 1933082
1 1933267
1 1933794
1 1933867
1 1934116
1 1934370
1 1934371
1 1934647
1 1934858
1 1935075
1 1935366
1 1935367
1 1935488
1 1935509
1 1935580
1 1935802
1 1936134
1 1936170
1 1936348
1 1936370
1 1936543
1 1936756
1 1937207
1 1937342
1 1937383
1 1937387
1 1937389
1 1937494
1 1937914
1 1938035
1 1938473
1 1938695
1 1939277
1 1939334
1 1939447
1 1939448
1 1939826
1 1940071
1 1940074
1 1940387
1 1940853
1 1940871
1 1941273
1 1941630
1 1941658
1 1941711
1 1941743
1 1941828
1 1941833
1 1941834
1 1941845
1 1941929
1 1942033
1 1942414
1 1942447
1 1942710
1 1943291
1 1943718
1 1944101
1 1944123
1 1944288
1 1944407
1 1944648
1 1944852
1 1945752
1 1945801
1 1945960
1 1946078
1 1946307
1 1946591
1 1946809
1 1947755
1 1948290
1 1948291
1 1948400
1 1948501
1 1948641
1 1948805
1 1949142
1 1949527
1 1949544
1 1949635
1 1949846
1 1950544
1 1950551
1 1950556
1 1950587
1 1950621
1 1950718
1 1950719
1 1951827
1 1952605
1 1952610
1 1952782
1 1953018
1 1953252
1 1953576
1 1953605
1 1953812
1 1953842
1 1954371
1 1954436
1 1955080
1 1955373
1 1955984
1 1956362
1 1957037
1 1957219
1 1957220
1 1957299
1 1957953
1 1958230
1 1958272
1 1958273
1 1958477
1 1958489
1 1959121
1 1959186
1 1959261
1 1959313
1 1959861
1 1959978
1 1960155
1 1960358
1 1960388
1 1960463
1 1960674
1 1960926
1 1960964
1 1961408
1 1961466
1 1961965
1 1962633
1 1962819
1 1963069
1 1963070
1 1963073
1 1963074
1 1963082
1 1963085
1 1963108
1 1963109
1 1963124
1 1963143
1 1963149
1 1963158
1 1963175
1 1963291
1 1963415
1 1963434
1 1963907
1 1964075
1 1964624
1 1964775
1 1964812
1 1965276
1 1965427
1 1966244
1 1966245
1 1966453
1 1966523
1 1966616
1 1966659
1 1966828
1 1966949
1 1967014
1 1967404
1 1967954
1 1968831
1 1968959
1 1969219
1 1969601
1 1969663
1 1969752
1 1970129
1 1970595
1 1970602
1 1970728
1 1971353
1 1971389
1 1971435
1 1971762
1 1971871
1 1972347
1 1972462
1 1972888
1 1972918
1 1973103
1 1973504
1 1973620
1 1973763
1 1974159
1 1974254
1 1974845
1 1974895
1 1974967
1 1975420
1 1975434
1 1975559
1 1975560
1 1975695
1 1975696
1 1975844
1 1976381
1 1976542
1 1976558
1 1976851
1 1976972
1 1976979
1 1976980
1 1977205
1 1977398
1 1977649
1 1978431
1 1978655
1 1978857
1 1979064
1 1979190
1 1979253
1 1979326
1 1979345
1 1979412
1 1979566
1 1979724
1 1979842
1 1980170
1 1980185
1 1980214
1 1980402
1 1980639
1 1980769
1 1981118
1 1981126
1 1981836
1 1981886
1 1982013
1 1982397
1 1982546
1 1982719
1 1982784
1 1982981
1 1983128
1 1983142
1 1983160
1 1983208
1 1983421
1 1983613
1 1983701
1 1983792
1 1984227
1 1984554
1 1984621
1 1984662
1 1984688
1 1984692
1 1984811
1 1984851
1 1985170
1 1985417
1 1985454
1 1985480
1 1985513
1 1985553
1 1985703
1 1985705
1 1985809
1 1985831
1 1986009
1 1986098
1 1986190
1 1986209
1 1986380
1 1986381
1 1986399
1 1986455
1 1986530
1 1986536
1 1986571
1 1986734
1 1986736
1 1986737
1 1986754
1 1986822
1 1987208
1 1987390
1 1987762
1 1987803
1 1987993
1 1988044
1 1988217
1 1988260
1 1988293
1 1988313
1 1988368
1 1988369
1 1988624
1 1989032
1 1989118
1 1989129
1 1989475
1 1989496
1 1989606
1 1989953
1 1990098
1 1990661
1 1990815
1 1991014
1 1991123
1 1991137
1 1991162
1 1991173
1 1991241
1 1991302
1 1991329
1 1991652
1 1991725
1 1991919
1 1991927
1 1991954
1 1992046
1 1992390
1 1992626
1 1992670
1 1992748
1 1992758
1 1992977
1 1993201
1 1993561
1 1993659
1 1993688
1 1993705
1 1993722
1 1993828
1 1993860
1 1993921
1 1993922
1 1993947
1 1993953
1 1994110
1 1994222
1 1994224
1 1994240
1 1994241
1 1994244
1 1994270
1 1994299
1 1994392
1 1994508
1 1994710
1 1994753
1 1994821
1 1995173
1 1995211
1 1995284
1 1995285
1 1995433
1 1995461
1 1995577
1 1996002
1 1996220
1 1996227
1 1996276
1 1996299
1 1996382
1 1996435
1 1996559
1 1996580
1 1996839
1 1996855
1 1996919
1 1996927
1 1996934
1 1996990
1 1996995
1 1997032
1 1997150
1 1997161
1 1997187
1 1997350
1 1997577
1 1997578
1 1997609
1 1997797
1 1997801
1 1998220
1 1998315
1 1998377
1 1998380
1 1998508
1 1998593
1 1998649
1 1998650
1 1998652
1 1998693
1 1998716
1 1998862
1 1998964
1 1999001
1 1999006
1 1999288
1 1999345
1 1999600
1 1999663
1 1999680
1 1999707
1 1999840
1 2000095
1 2000337
1 2000404
1 2000592
1 2001097
1 2001201
1 2001273
1 2001295
1 2001568
1 2001856
1 2002218
1 2002225
1 2002321
1 2002379
1 2002389
1 2002490
1 2002517
1 2002567
1 2002709
1 2002788
1 2002807
1 2002814
1 2002819
1 2002926
1 2002944
1 2003021
1 2003456
1 2003591
1 2003823
1 2003992
1 2003993
1 2004098
1 2004772
1 2004878
1 2004908
1 2004936
1 2004947
1 2004954
1 2005670
1 2005740
1 2005805
1 2005865
1 2005910
1 2006063
1 2006108
1 2006127
1 2006293
1 2006301
1 2006441
1 2006728
1 2006903
1 2006941
1 2006952
1 2007164
1 2007183
1 2007198
1 2007291
1 2007381
1 2007583
1 2007674
1 2007693
1 2008054
1 2008140
1 2008143
1 2008384
1 2008442
1 2008444
1 2008558
1 2008688
1 2008736
1 2008882
1 2009517
1 2009548
1 2009549
1 2009551
1 2009586
1 2009830
1 2010283
1 2010284
1 2010548
1 2010570
1 2010576
1 2010611
1 2010661
1 2010669
1 2010733
1 2010796
1 2010852
1 2010986
1 2010994
1 2011082
1 2011116
1 2011144
1 2011300
1 2011336
1 2011341
1 2011372
1 2011378
1 2011594
1 2011760
1 2011764
1 2011782
1 2011958
1 2012272
1 2012418
1 2012746
1 2012814
1 2012823
1 2012911
1 2013153
1 2013259
1 2013568
1 2013604
1 2013722
1 2013754
1 2014196
1 2014222
1 2014567
1 2014745
1 2014768
1 2015159
1 2015360
1 2015441
1 2015457
1 2015569
1 2015805
1 2015806
1 2015969
1 2016158
1 2016215
1 2016343
1 2016453
1 2016454
1 2016489
1 2016635
1 2016677
1 2016802
1 2016817
1 2016845
1 2017028
1 2017054
1 2017083
1 2017166
1 2017297
1 2017494
1 2017495
1 2017523
1 2017641
1 2018108
1 2018253
1 2018272
1 2018652
1 2018710
1 2018753
1 2018818
1 2018862
1 2018875
1 2019070
1 2019296
1 2019381
1 2019706
1 2019814
1 2019943
1 2020004
1 2020006
1 2020300
1 2020308
1 2020343
1 2020489
1 2020507
1 2020522
1 2020531
1 2020640
1 2020671
1 2020905
1 2021114
1 2021151
1 2021196
1 2021197
1 2021284
1 2021335
1 2021385
1 2021518
1 2021654
1 2021771
1 2021842
1 2021924
1 2022065
1 2022095
1 2022098
1 2022168
1 2022382
1 2022504
1 2022557
1 2022566
1 2022677
1 2022723
1 2023219
1 2023396
1 2023504
1 2023505
1 2023512
1 2023792
1 2023796
1 2023854
1 2024042
1 2024064
1 2024256
1 2024439
1 2024504
1 2024505
1 2024507
1 2024625
1 2024777
1 2024867
1 2025043
1 2025333
1 2025351
1 2025417
1 2025441
1 2025539
1 2025607
1 2025709
1 2025886
1 2025900
1 2026361
1 2026403
1 2026680
1 2026749
1 2027104
1 2027168
1 2027170
1 2027259
1 2027359
1 2027549
1 2027778
1 2027901
1 2027973
1 2028050
1 2028060
1 2028121
1 2028127
1 2028273
1 2028557
1 2028579
1 2028580
1 2028637
1 2028683
1 2028719
1 2028737
1 2029033
1 2029042
1 2029140
1 2029141
1 2029207
1 2029316
1 2029392
1 2029419
1 2029529
1 2029533
1 2029539
1 2029540
1 2029549
1 2029844
1 2029879
1 2030007
1 2030008
1 2030101
1 2030866
1 2030977
1 2031101
1 2031102
1 2031103
1 2031342
1 2031357
1 2031575
1 2031990
1 2032053
1 2032191
1 2032458
1 2032459
1 2033109
1 2033207
1 2033256
1 2033374
1 2033384
1 2033501
1 2033761
1 2033934
1 2033961
1 2033972
1 2033982
1 2033992
1 2034039
1 2034050
1 2034061
1 2034062
1 2034320
1 2034802
1 2034927
1 2034962
1 2035379
1 2035684
1 2035799
1 2035977
1 2035979
1 2036263
1 2036577
1 2036597
1 2036650
1 2037240
1 2037371
1 2037383
1 2037423
1 2037749
1 2037908
1 2037926
1 2037927
1 2037946
1 2037950
1 2037965
1 2037992
1 2038024
1 2038042
1 2038043
1 2038062
1 2038066
1 2038197
1 2038256
1 2038290
1 2038294
1 2038312
1 2038662
1 2038732
1 2038824
1 2038863
1 2038893
1 2038930
1 2039236
1 2039327
1 2039375
1 2039512
1 2039521
1 2039552
1 2039719
1 2039979
1 2040096
1 2040388
1 2040453
1 2040459
1 2040763
1 2040777
1 2040785
1 2040840
1 2040898
1 2040936
1 2041022
1 2041042
1 2041053
1 2041155
1 2041236
1 2041333
1 2041461
1 2041791
1 2041913
1 2042307
1 2042336
1 2042350
1 2042368
1 2042543
1 2042907
1 2042994
1 2043080
1 2043096
1 2043279
1 2043626
1 2043782
1 2043792
1 2043961
1 2043984
1 2044018
1 2044037
1 2044054
1 2044130
1 2044131
1 2044135
1 2044542
1 2044990
1 2045022
1 2045165
1 2045200
1 2045372
1 2045376
1 2045380
1 2045419
1 2045454
1 2045876
1 2045882
1 2045886
1 2046229
1 2046471
1 2046537
1 2046716
1 2046786
1 2046938
1 2047143
1 2047150
1 2047496
1 2047547
1 2047584
1 2047823
1 2048213
1 2048391
1 2048594
1 2048667
1 2048729
1 2048777
1 2048806
1 2048807
1 2048999
1 2049436
1 2049508
1 2049521
1 2049599
1 2049781
1 2050028
1 2050195
1 2050221
1 2050502
1 2050557
1 2050744
1 2050925
1 2050968
1 2051228
1 2051328
1 2051493
1 2051513
1 2051571
1 2052135
1 2052260
1 2052278
1 2052279
1 2052441
1 2052497
1 2052513
1 2052545
1 2052664
1 2052728
1 2052757
1 2052765
1 2052791
1 2052816
1 2052911
1 2052912
1 2052942
1 2052954
1 2052958
1 2052971
1 2053018
1 2053073
1 2053079
1 2053133
1 2053325
1 2053415
1 2053510
1 2054214
1 2054486
1 2054863
1 2054883
1 2055658
1 2055663
1 2055735
1 2055828
1 2055842
1 2055844
1 2055846
1 2055850
1 2055856
1 2056115
1 2056310
1 2056610
1 2056666
1 2056725
1 2056735
1 2056874
1 2057503
1 2057539
1 2057750
1 2057930
1 2057959
1 2058023
1 2058091
1 2058123
1 2058580
1 2058613
1 2058621
1 2058782
1 2058783
1 2058833
1 2058834
1 2059012
1 2059143
1 2059902
1 2059959
1 2060058
1 2060356
1 2060419
1 2060524
1 2060630
1 2060732
1 2061376
1 2061773
1 2061969
1 2062082
1 2062118
1 2062591
1 2063094
1 2063149
1 2063164
1 2063471
1 2063472
1 2063492
1 2063501
1 2063841
1 2064242
1 2064429
1 2064958
1 2065123
1 2065339
1 2065343
1 2065579
1 2065949
1 2065958
1 2066035
1 2066422
1 2067708
1 2068186
1 2068480
1 2068714
1 2068906
1 2068922
1 2069024
1 2069025
1 2069172
1 2069681
1 2069817
1 2070077
1 2070100
1 2070321
1 2070601
1 2070879
1 2071340
1 2071556
1 2071597
1 2071738
1 2071765
1 2072645
1 2072784
1 2072785
1 2073000
1 2073443
1 2073559
1 2073816
1 2073817
1 2073828
1 2073831
1 2074104
1 2074537
1 2074617
1 2074719
1 2075027
1 2075068
1 2075251
1 2075261
1 2075560
1 2075570
1 2075814
1 2076055
1 2076328
1 2076363
1 2076741
1 2077128
1 2077260
1 2077266
1 2077409
1 2077872
1 2078250
1 2078317
1 2078385
1 2078444
1 2078482
1 2078557
1 2078566
1 2078808
1 2078922
1 2079191
1 2079403
1 2079404
1 2079618
1 2079682
1 2079728
1 2079849
1 2079928
1 2080813
1 2081473
1 2081517
1 2081549
1 2081594
1 2081642
1 2081803
1 2082458
1 2082489
1 2082505
1 2082566
1 2082602
1 2082722
1 2082814
1 2082829
1 2083173
1 2083516
1 2083537
1 2083657
1 2083737
1 2084598
1 2084986
1 2085033
1 2085140
1 2085666
1 2085813
1 2086312
1 2086497
1 2086561
1 2086626
1 2086645
1 2086716
1 2086717
1 2086719
1 2086727
1 2086728
1 2086757
1 2086881
1 2086882
1 2087035
1 2087036
1 2087051
1 2087094
1 2087557
1 2087989
1 2088104
1 2088577
1 2088754
1 2088830
1 2088916
1 2088932
1 2089205
1 2089517
1 2089526
1 2089780
1 2090095
1 2090816
1 2091289
1 2091397
1 2091677
1 2091678
1 2092283
1 2092388
1 2092389
1 2092902
1 2092915
1 2093576
1 2093734
1 2093746
1 2095044
1 2095057
1 2095173
1 2095174
1 2095198
1 2095505
1 2095582
1 2095699
1 2095740
1 2096240
1 2096256
1 2096389
1 2096421
1 2096638
1 2098114
1 2098115
1 2098286
1 2098377
1 2098512
1 2098831
1 2099057
1 2099082
1 2099322
1 2099323
1 2099379
1 2099649
1 2099701
1 2100840
1 2101059
1 2101091
1 2101687
1 2101721
1 2101933
1 2102085
1 2102428
1 2102809
1 2102810
1 2103506
1 2104435
1 2104534
1 2104535
1 2104981
1 2105169
1 2105878
1 2105930
1 2106438
1 2106596
1 2106762
1 2106763
1 2106840
1 2106896
1 2106990
1 2106991
1 2107013
1 2107055
1 2107061
1 2107090
1 2107295
1 2109367
1 2109440
1 2109695
1 2109712
1 2110260
1 2110325
1 2110831
1 2110848
1 2111030
1 2111172
1 2111254
1 2111317
1 2111376
1 2111825
1 2111852
1 2112000
1 2112099
1 2112461
1 2112577
1 2112665
1 2112676
1 2113001
1 2113180
1 2113266
1 2113268
1 2113565
1 2113659
1 2113882
1 2114233
1 2114271
1 2114658
1 2115822
1 2117112
1 2117155
1 2117230
1 2117558
1 2117825
1 2118339
1 2118359
1 2118466
1 2118539
1 2118722
1 2118866
1 2119637
1 2119833
1 2120461
1 2120625
1 2120733
1 2120770
1 2121037
1 2121038
1 2121118
1 2121751
1 2122507
1 2122723
1 2122883
1 2122962
1 2123535
1 2124345
1 2124581
1 2125172
1 2125942
1 2127434
1 2127674
1 2128069
1 2128278
1 2128458
1 2128584
1 2128648
1 2128660
1 2128801
1 2128804
1 2128817
1 2128830
1 2129422
1 2129733
1 2129952
1 2130089
1 2130262
1 2131938
1 2133047
1 2133052
1 2133468
1 2133471
1 2133752
1 2134072
1 2134309
1 2134661
1 2136037
1 2136091
1 2136326
1 2136327
1 2136550
1 2136551
1 2137137
1 2137368
1 2137377
1 2138251
1 2138550
1 2138679
1 2139072
1 2139307
1 2139483
1 2139505
1 2139874
1 2140261
1 2140487
1 2141393
1 2141401
1 2141840
1 2141866
1 2141945
1 2141985
1 2142343
1 2142518
1 2142727
1 2143303
1 2143491
1 2143635
1 2144107
1 2144283
1 2144284
1 2144788
1 2144982
1 2145281
1 2145524
1 2146165
1 2146244
1 2146245
1 2146699
1 2146966
1 2146986
1 2147146
1 2147162
1 2147411
1 2147443
1 2147630
1 2147874
1 2148077
1 2148658
1 2149104
1 2149138
1 2149292
1 2149682
1 2149696
1 2149809
1 2150004
1 2150107
1 2151290
1 2151291
1 2151479
1 2151480
1 2151579
1 2151807
1 2151913
1 2151914
1 2153048
1 2153084
1 2153574
1 2153631
1 2153695
1 2153696
1 2153697
1 2153770
1 2153772
1 2153930
1 2153935
1 2155234
1 2155862
1 2155869
1 2156362
1 2156611
1 2156691
1 2156692
1 2156999
1 2157938
1 2157939
1 2157948
1 2158925
1 2159028
1 2159634
1 2160028
1 2160032
1 2160390
1 2160499
1 2161490
1 2161884
1 2162473
1 2162656
1 2162944
1 2163007
1 2163103
1 2163568
1 2164116
1 2164620
1 2164699
1 2164700
1 2164823
1 2164935
1 2165523
1 2165621
1 2165918
1 2166406
1 2166410
1 2166484
1 2166567
1 2166607
1 2166809
1 2167149
1 2167530
1 2167992
1 2168359
1 2168604
1 2168713
1 2169079
1 2169215
1 2169695
1 2169792
1 2170060
1 2170231
1 2170472
1 2171637
1 2171983
1 2172241
1 2172505
1 2172797
1 2172917
1 2172919
1 2172988
1 2173056
1 2173057
1 2173068
1 2173179
1 2173504
1 2173811
1 2173961
1 2174149
1 2174491
1 2174712
1 2175395
1 2175475
1 2175553
1 2175578
1 2176038
1 2176126
1 2176161
1 2176175
1 2176202
